2 2 2 2
2 2 2 2
2 2 2 2
2 2 2 2
2 2 2 2
2 2 2 2
2 2 2 2
7 3 7 0
2 2 2 2
2 2 2 2
2 2 2 2
2 2 2 2
2 2 2 2
2 2 2 2
2 2 2 2
2 2 2 2
2 2 2 2
2 2 2 2
2 2 2 2
2 2 2 2
2 2 2 2
2 2 2 2
2 2 2 2
2 2 2 2
0 2 2 2
2 2 2 2
2 2 2 2
2 2 2 2
2 2 2 2
2 2 2 2
2 2 2 2
2 2 2 2
2 2 2 2
2 1 2 2
2 2 2 2
4 0 2 2
2 2 2 2
2 2 2 2
2 2 2 2
2 2 2 2
2 2 2 2
0 2 2 2
2 2 2 5
2 2 2 2
4 0 3 0
2 2 2 2
2 2 2 2
0 2 2 2
2 2 2 2
2 2 2 2
2 2 2 2
0 2 2 2
2 2 2 2
0 0 2 2
2 2 2 2
2 2 2 2
2 2 2 2
2 2 2 2
2 2 2 2
0 8 4 0
2 2 2 2
0 0 4 0
2 2 2 2
2 2 2 2
2 2 2 2
2 2 2 2
0 0 2 2
2 2 2 2
2 2 2 2
2 2 2 2
5 0 0 2
0 2 2 2
2 2 2 2
2 2 2 2
2 2 2 2
2 2 2 2
2 2 2 2
2 2 2 2
2 2 2 2
2 2 2 2
2 2 2 2
2 2 2 2
2 2 2 2
2 2 2 2
2 2 2 2
0 2 2 2
2 2 2 2
2 2 4 2
5 0 0 0
0 0 0 0
2 2 2 2
2 2 2 2
2 2 2 2
2 2 2 2
2 2 5 0
2 2 2 2
2 2 2 2
2 2 2 2
2 2 2 2
2 2 9 2
2 2 2 2
2 2 2 2
2 2 2 2
0 2 2 2
2 2 2 2
2 2 2 2
2 2 3 7
2 2 2 2
2 2 2 2
0 0 2 8
2 2 2 2
2 2 2 2
2 2 2 2
2 2 2 2
2 2 2 2
2 2 2 2
2 2 2 2
0 0 2 2
0 0 0 0
2 2 2 2
2 2 2 2
2 2 2 2
2 2 2 2
2 2 2 2
2 2 2 2
2 2 2 2
2 2 2 2
2 2 2 2
2 2 2 2
0 2 2 2
2 2 2 2
2 2 2 2
2 2 2 2
2 2 1 2
2 2 2 2
5 0 0 0
2 2 2 2
2 2 2 2
2 2 2 2
5 0 0 0
2 2 2 2
2 2 2 2
2 2 2 2
2 2 5 0
2 2 2 4
2 2 2 2
0 0 0 0
2 2 1 2
2 2 2 2
0 2 2 2
2 2 2 2
0 0 2 2
2 2 2 2
4 2 2 2
2 2 1 2
2 2 2 2
2 2 2 2
2 2 2 2
0 0 0 0
2 2 2 2
2 2 2 2
2 2 2 2
2 2 3 5
2 2 2 2
2 2 2 2
2 2 2 2
0 2 2 2
2 2 1 2
2 2 2 2
2 2 2 2
2 2 2 2
2 2 2 2
2 2 2 2
2 2 2 2
2 2 2 2
2 2 2 2
2 2 2 2
4 0 0 0
2 2 2 2
2 2 2 2
2 2 2 2
2 2 2 2
2 2 2 2
2 2 2 2
2 2 2 2
2 2 2 2
2 2 2 2
2 2 2 2
2 2 2 2
2 2 2 2
2 2 2 2
2 2 2 2
2 2 2 2
2 2 2 2
2 2 2 2
2 2 2 2
2 2 3 2
2 2 2 2
2 2 2 2
2 2 2 2
2 2 2 2
2 2 2 2
2 2 2 2
2 2 8 2
2 2 2 2
2 2 2 2
2 2 2 2
2 2 2 2
2 2 2 2
2 2 2 2
2 2 4 2
2 2 2 2
2 2 2 2
2 2 2 2
2 2 2 2
2 2 2 2
2 2 2 2
0 0 0 0
2 2 2 2
2 2 2 2
2 2 2 2
2 2 2 0
2 2 2 2
0 4 0 7
2 2 2 2
2 2 2 2
2 2 2 2
3 8 2 2
2 2 2 8
2 2 2 2
5 0 0 0
5 0 2 0
2 2 1 2
2 2 2 2
2 2 2 2
0 0 0 2
2 2 2 2
2 2 2 2
2 2 2 2
2 2 2 2
2 2 2 2
2 2 2 2
0 2 2 8
2 2 2 2
1 2 2 2
2 2 2 2
2 2 2 2
2 2 2 2
2 2 2 2
2 2 2 2
2 2 2 2
2 2 2 2
2 2 2 2
0 2 2 2
2 2 2 2
2 2 2 2
2 2 2 2
2 2 2 2
2 2 2 2
6 9 2 2
2 2 2 2
2 2 2 2
2 2 2 2
2 2 2 2
2 2 2 2
2 2 2 2
2 2 2 2
2 2 2 2
2 2 8 7
2 2 2 2
2 2 2 2
2 2 2 2
2 2 2 2
2 2 2 2
2 2 2 2
2 2 2 2
2 2 2 2
2 2 2 2
2 2 2 2
2 2 3 2
2 2 2 2
0 2 2 2
2 2 2 2
2 2 1 2
2 2 2 2
2 2 2 2
2 2 2 2
2 2 2 2
2 2 2 2
2 2 2 2
2 2 2 2
2 2 2 2
2 2 4 2
2 2 7 0
0 2 2 2
2 2 7 2
2 2 2 2
2 2 2 2
2 2 2 2
2 2 2 2
2 2 2 2
2 2 2 2
2 2 2 2
2 2 2 2
2 2 2 2
2 2 2 2
2 2 2 2
2 2 2 2
2 2 2 2
5 0 0 0
2 2 2 2
2 2 2 2
2 2 2 2
2 2 2 2
2 2 2 2
3 8 7 5
2 2 2 2
2 2 2 2
2 2 1 2
2 2 2 3
2 2 2 2
2 2 9 0
0 2 2 2
2 2 2 2
0 2 2 2
2 2 2 2
2 2 2 2
2 2 2 2
2 1 4 5
2 2 2 2
2 2 2 2
2 2 2 2
2 2 2 2
2 2 2 2
2 2 2 2
2 2 2 2
2 2 2 2
2 2 2 2
2 2 1 2
2 2 2 2
2 2 2 2
2 2 2 2
2 2 2 2
2 2 2 2
4 2 2 2
0 2 2 2
2 2 2 2
7 3 0 2
2 2 2 2
2 2 2 2
2 2 3 7
2 2 2 2
2 2 2 2
2 2 2 2
2 2 1 4
2 2 2 2
2 2 1 2
2 2 2 2
2 2 2 2
2 2 2 2
2 2 2 3
2 2 2 2
2 2 2 2
2 2 2 2
2 2 2 2
2 2 2 2
2 2 1 2
2 2 2 2
2 2 2 2
2 2 2 2
2 2 2 2
2 2 2 2
2 2 2 2
2 2 3 2
2 2 2 2
2 2 2 2
2 2 2 1
5 0 0 0
2 2 2 2
2 2 2 2
2 2 2 2
2 2 2 2
2 2 2 2
2 2 2 2
5 0 0 0
2 2 2 2
2 2 2 2
2 2 2 2
2 2 2 2
2 2 2 2
2 2 2 2
2 2 2 2
2 2 2 2
2 2 2 2
2 2 2 2
2 2 2 2
2 2 2 2
2 2 2 2
2 2 2 2
2 2 2 2
4 0 0 0
2 2 2 2
2 2 2 1
2 2 2 2
2 2 2 2
2 2 2 2
2 2 2 2
2 2 2 2
2 2 1 5
2 2 2 2
2 2 2 2
2 2 1 2
2 2 2 2
2 2 1 2
2 2 2 2
2 2 1 2
2 2 2 2
2 2 2 2
2 2 2 2
2 2 2 2
2 2 2 1
2 2 2 2
2 2 2 2
7 0 0 2
2 2 2 2
0 0 0 0
0 3 2 2
2 2 2 2
2 2 2 3
2 2 2 2
2 2 2 2
2 2 2 2
2 1 2 2
2 2 2 2
2 2 2 2
2 2 2 2
2 2 2 2
2 2 2 2
2 2 3 7
2 2 2 2
2 2 2 2
2 2 4 4
2 2 2 2
2 2 2 2
2 2 2 4
2 2 2 2
0 2 2 2
0 2 2 2
2 2 2 2
0 2 2 2
2 2 2 2
2 2 2 4
2 2 2 2
3 9 3 2
5 0 0 0
0 0 0 0
2 2 2 2
2 2 2 2
2 2 2 2
2 2 2 2
2 2 2 2
2 2 2 2
2 2 2 2
2 2 2 2
2 2 2 2
2 2 2 2
2 2 2 2
2 2 2 2
2 2 2 2
2 2 2 2
2 2 2 2
2 2 2 2
5 0 0 0
2 2 2 2
2 2 2 2
2 2 2 2
2 2 2 2
2 2 2 2
2 2 2 2
2 2 2 2
5 0 6 5
2 2 2 2
2 2 2 2
2 2 7 2
2 2 2 2
2 2 2 2
2 2 2 2
2 2 2 2
0 0 0 2
2 2 2 1
2 2 2 2
2 2 2 2
2 2 2 2
2 2 2 2
2 2 2 2
2 2 2 2
2 2 2 2
2 2 2 5
2 2 2 2
2 2 2 2
2 2 2 2
2 2 2 2
2 2 2 2
2 2 2 2
2 2 2 2
2 2 2 2
2 2 2 2
2 2 2 2
2 2 2 2
2 2 2 2
2 2 2 2
4 5 0 0
2 2 2 2
2 2 2 2
2 2 2 2
2 2 2 2
2 2 2 2
2 2 1 2
2 2 2 2
2 2 2 2
2 2 2 2
0 2 2 2
2 2 2 2
2 2 2 2
2 2 2 2
2 2 2 2
2 2 2 2
2 2 2 2
2 2 2 2
0 0 0 0
3 2 2 2
2 2 2 2
2 2 2 2
2 2 2 2
2 2 2 2
2 2 2 2
0 2 2 2
2 2 2 2
2 2 2 2
2 2 2 2
2 2 2 2
2 2 2 2
2 2 2 2
8 4 0 4
2 2 2 2
2 2 2 2
2 2 1 2
2 2 2 2
2 2 2 2
2 2 2 2
2 2 2 2
2 2 2 2
2 2 2 2
0 0 0 0
2 2 2 2
2 2 2 2
2 2 2 2
2 2 2 2
0 2 2 2
2 2 2 2
2 2 2 2
5 0 0 0
0 2 2 2
2 2 2 2
2 2 2 2
2 2 2 2
2 2 2 5
2 2 2 2
2 2 2 2
2 2 2 2
2 2 1 2
2 2 2 2
2 2 2 2
2 2 2 2
2 2 2 2
2 2 2 2
2 2 2 2
2 2 2 2
2 2 2 2
2 2 2 2
0 2 2 2
8 0 4 0
2 2 2 2
5 0 0 0
2 2 2 2
8 3 7 0
2 2 2 2
2 2 2 3
2 2 7 5
0 0 2 2
2 2 2 2
4 0 3 8
0 2 2 2
2 2 2 2
2 2 2 2
0 2 2 2
2 2 2 2
2 2 2 2
2 2 2 2
2 2 2 2
0 0 0 2
2 2 2 2
2 2 2 2
2 2 2 2
5 0 0 0
2 2 2 2
7 2 2 1
2 2 2 2
2 2 3 0
2 2 2 2
2 2 1 2
2 2 2 2
0 2 2 2
2 2 2 2
2 2 3 2
2 2 2 2
2 2 2 2
2 2 2 2
2 2 2 2
2 2 2 2
2 2 2 2
2 2 2 2
2 2 2 2
2 2 2 2
0 2 2 2
2 2 2 2
4 0 3 0
2 2 2 2
2 2 2 2
2 2 0 0
2 2 2 2
2 2 2 2
2 2 2 2
8 4 0 3
2 2 2 2
2 2 2 2
2 2 2 2
2 2 2 2
2 2 2 2
2 2 2 2
2 2 2 2
2 2 2 2
2 2 2 2
2 2 2 2
2 2 2 2
4 0 2 2
2 2 1 2
2 2 2 2
0 0 2 2
2 2 2 2
2 2 2 2
2 2 2 2
2 2 2 2
2 2 2 2
2 2 2 2
2 2 2 3
2 2 2 8
2 2 2 2
0 0 0 0
2 2 3 2
2 2 2 2
2 2 2 2
2 2 2 1
2 2 2 2
2 2 2 2
2 2 2 2
8 9 3 2
2 2 2 2
2 2 2 2
2 2 2 2
2 2 2 2
2 2 2 2
2 2 2 2
2 2 2 2
2 2 2 2
2 2 2 2
2 2 2 2
2 2 2 2
2 2 2 2
2 2 2 2
2 2 2 2
2 2 2 2
2 2 2 2
2 2 2 2
2 2 2 2
2 2 2 2
2 2 2 2
2 2 2 2
0 2 2 2
2 2 2 2
2 2 4 5
2 2 2 2
8 4 0 4
0 0 0 0
2 2 2 2
2 2 2 2
0 0 0 0
2 2 2 2
2 2 2 2
2 2 2 2
2 2 2 2
2 2 2 2
2 2 2 2
2 2 2 2
2 2 2 2
2 2 2 2
2 2 2 2
0 0 0 0
0 0 0 0
2 2 2 2
2 2 2 2
2 2 2 3
2 2 7 2
2 2 2 2
2 2 2 2
2 2 2 2
2 2 2 2
2 2 2 2
2 2 2 2
2 2 2 2
0 2 2 2
2 2 2 2
4 0 0 3
2 2 2 2
2 2 2 2
2 2 2 2
2 2 2 2
2 2 2 2
2 2 2 2
2 2 2 2
2 2 2 2
2 2 2 2
2 2 2 2
2 2 2 2
2 2 2 2
2 2 2 2
2 2 2 2
4 0 3 0
2 2 2 2
2 2 2 2
2 2 2 2
2 2 2 2
2 2 2 2
2 2 2 2
2 2 2 5
2 2 2 2
2 2 2 2
2 2 3 0
2 2 2 2
2 2 2 2
2 2 2 2
2 2 3 0
2 2 2 2
2 2 2 2
2 2 2 4
2 2 2 2
2 2 2 2
2 2 2 2
2 2 2 2
2 2 2 2
2 2 2 2
2 2 2 2
2 2 2 2
2 2 2 2
2 2 2 2
2 2 4 2
2 2 2 2
2 2 2 2
2 2 2 2
2 2 2 2
2 2 2 2
2 2 2 2
2 2 2 2
2 2 2 2
2 2 2 2
2 2 2 2
2 2 2 2
2 2 2 2
2 2 1 2
2 2 1 2
2 2 0 2
2 2 2 2
7 3 0 2
2 2 2 2
2 2 2 1
2 2 2 2
2 2 2 2
2 2 2 2
2 2 2 2
2 2 2 2
2 2 1 2
0 0 0 0
5 0 0 0
5 0 0 0
2 2 2 2
2 2 2 2
2 2 2 2
0 2 2 2
2 2 3 7
2 2 2 2
2 2 2 2
2 2 2 2
2 2 2 2
2 2 2 2
0 2 2 2
2 2 2 2
2 2 2 2
2 2 2 2
2 2 4 2
2 2 2 2
2 2 2 2
2 2 2 2
2 2 2 2
2 2 2 2
0 0 0 0
2 2 2 2
2 2 2 2
2 2 2 2
2 2 2 1
2 2 2 2
2 2 2 2
0 2 2 2
0 2 2 2
2 2 2 2
2 2 2 2
2 2 2 2
2 1 2 2
2 2 2 2
2 2 2 2
2 2 2 2
4 0 3 0
2 2 2 2
2 2 2 2
2 2 2 2
5 0 2 0
2 2 2 2
2 2 2 2
2 2 2 2
2 2 2 2
2 2 2 2
2 2 2 2
2 2 2 2
2 2 2 2
2 2 2 2
2 2 2 2
2 2 2 2
0 0 0 0
2 2 2 2
2 2 2 2
2 2 2 2
2 2 2 2
2 2 2 2
2 2 2 2
2 2 2 2
2 2 1 2
2 2 2 2
2 2 2 2
2 2 2 2
2 2 7 2
0 2 2 2
8 7 0 7
2 2 2 2
2 2 2 2
2 2 2 2
2 2 2 2
2 2 2 2
2 2 2 2
2 2 2 2
2 2 2 2
2 2 2 2
2 2 2 2
2 2 2 2
2 2 2 2
2 2 2 2
2 2 2 2
2 2 2 2
2 2 2 2
2 2 2 2
2 2 2 2
2 2 2 2
2 2 2 2
2 2 2 2
2 2 2 2
2 2 2 2
2 2 2 2
2 2 2 2
2 2 2 2
4 0 3 0
2 2 2 2
2 2 2 2
0 0 2 2
2 2 2 2
2 2 2 2
2 2 2 2
2 2 2 2
2 2 2 2
0 0 0 0
2 2 2 2
2 2 2 2
2 2 2 2
2 2 2 2
0 2 2 2
2 2 2 2
2 2 2 2
2 2 2 2
2 2 2 2
2 2 2 2
2 2 2 2
2 2 2 2
0 2 2 2
2 2 2 2
2 2 2 2
2 2 2 2
2 2 2 2
2 2 2 8
2 2 2 2
2 2 2 2
0 2 2 2
2 2 2 2
0 2 2 2
0 2 2 2
2 2 2 2
2 2 2 2
2 2 2 1
2 2 2 2
2 2 2 3
2 2 2 1
2 2 2 2
2 2 2 2
2 2 2 2
2 2 2 2
2 4 2 2
2 2 2 2
0 0 4 0
2 2 2 2
4 0 3 0
2 2 2 2
2 2 2 2
2 2 2 2
2 2 2 2
2 2 2 2
2 2 2 2
2 2 2 1
2 2 2 2
2 2 2 2
2 2 2 2
0 2 2 2
2 2 2 2
2 2 4 2
2 2 1 2
2 2 2 2
2 2 2 2
2 2 2 2
0 0 0 4
2 2 2 2
2 2 2 2
2 2 2 2
0 0 0 0
2 2 2 4
2 2 2 2
2 2 2 2
2 2 2 2
2 2 2 2
2 2 1 2
2 2 2 2
6 9 2 2
2 2 2 2
2 2 2 2
2 2 2 2
2 2 2 2
2 2 2 2
2 2 2 2
2 2 2 2
2 2 2 2
2 2 2 2
2 2 2 2
2 2 2 1
2 2 2 2
2 2 2 2
2 2 2 2
2 2 2 2
2 2 2 2
2 2 2 2
2 2 2 1
2 2 2 2
2 2 2 2
0 2 2 2
2 2 2 2
0 0 0 0
2 2 1 2
2 2 2 2
2 2 2 1
2 2 2 2
2 2 2 2
2 2 2 2
2 2 2 2
0 0 2 2
2 2 2 2
2 2 3 8
2 2 2 2
2 2 2 2
2 2 2 2
2 2 1 2
2 2 9 0
2 2 2 2
2 2 2 2
2 2 2 2
2 2 2 2
2 2 2 2
2 2 2 2
4 2 2 2
0 2 2 2
2 2 2 2
2 2 2 2
2 2 2 2
2 2 2 2
2 2 2 2
2 2 2 2
2 2 1 2
2 2 2 2
2 2 2 2
2 2 2 2
2 2 2 2
5 0 2 0
2 2 2 2
2 2 2 2
2 2 2 2
2 2 2 2
2 2 2 2
2 2 2 2
0 2 2 2
2 2 2 2
0 2 2 2
2 2 2 2
2 2 2 3
2 2 2 2
2 2 2 2
2 2 2 2
2 2 2 2
2 2 2 2
2 2 2 2
2 2 2 2
2 2 2 2
2 2 2 2
2 2 2 2
2 2 2 2
2 2 2 2
2 2 8 4
2 2 2 2
2 2 2 2
2 2 2 2
2 2 2 2
2 2 2 2
2 2 2 2
2 2 2 2
2 2 2 2
2 2 2 2
2 2 2 2
2 2 2 2
2 2 2 2
0 2 2 2
2 2 2 2
0 2 2 2
2 2 2 2
2 2 2 2
2 2 2 2
2 2 2 2
2 2 2 2
2 2 2 2
2 2 2 2
2 2 2 2
0 2 2 2
2 2 2 2
2 2 2 2
2 2 2 2
2 2 2 2
2 2 2 2
2 2 2 2
2 2 2 2
2 2 2 2
2 2 2 2
2 2 5 0
2 2 2 2
2 2 4 0
2 2 1 2
2 2 2 2
2 2 2 2
2 2 2 2
2 2 3 2
2 2 2 2
2 2 2 2
2 2 2 2
2 2 2 2
2 2 2 2
2 2 2 2
2 2 2 2
2 2 2 2
2 2 2 2
2 2 2 2
2 2 2 1
0 0 0 0
2 2 2 2
2 2 2 2
2 2 2 2
2 2 2 2
2 2 2 2
2 2 2 2
2 2 2 2
2 2 2 2
2 2 2 2
2 2 2 2
2 2 2 2
2 2 1 2
2 2 1 8
2 2 2 2
2 2 2 2
0 2 2 2
2 2 2 2
2 2 2 2
2 2 2 2
0 0 0 0
2 2 2 2
2 2 2 2
2 2 2 2
2 2 2 2
2 2 7 2
2 5 0 0
2 2 2 2
2 2 2 2
2 2 5 2
2 2 2 2
2 2 2 2
2 2 2 2
2 2 2 2
2 2 2 2
2 2 5 0
2 2 2 1
2 2 2 2
2 2 2 2
0 0 2 2
2 2 2 2
2 2 2 2
2 2 3 2
2 2 2 2
0 0 5 0
2 2 2 2
2 2 2 2
0 0 0 0
2 2 2 2
2 2 2 2
2 2 2 2
2 2 2 2
0 2 2 2
2 2 2 2
2 2 2 2
2 2 2 2
2 2 2 2
0 2 2 2
2 2 2 2
2 2 2 2
2 2 2 2
5 0 2 6
2 2 2 2
2 2 2 2
2 2 5 0
2 2 5 0
2 2 2 2
2 2 2 2
4 0 3 0
0 0 0 0
2 2 2 2
2 2 2 2
2 2 2 2
0 2 2 2
2 2 2 2
2 2 2 2
2 2 2 2
2 2 2 2
2 2 2 2
2 2 2 2
2 2 2 2
2 2 2 2
2 2 2 2
2 2 2 2
2 2 2 2
2 2 2 2
2 2 2 2
2 2 2 2
2 2 2 2
2 2 2 2
2 2 2 2
2 2 2 2
2 2 2 2
2 2 2 2
2 2 2 2
2 2 2 2
2 2 2 2
5 0 0 0
0 2 2 2
2 2 7 2
2 2 2 2
2 2 2 2
2 2 9 0
2 2 2 2
2 2 2 2
2 2 2 2
2 2 2 2
2 2 2 2
2 2 2 2
2 2 2 2
2 2 2 2
7 3 0 2
2 2 2 2
2 2 2 2
2 2 2 2
2 2 2 2
2 2 2 2
4 2 2 2
2 2 2 2
2 2 2 2
2 2 2 2
2 2 2 2
2 2 2 2
2 2 2 2
2 2 2 2
2 2 2 2
2 2 2 2
2 2 2 2
5 0 0 0
2 2 2 2
2 2 2 2
2 2 2 2
2 2 2 2
8 9 5 0
2 2 2 2
2 2 2 2
2 2 2 2
2 2 2 2
2 2 2 2
2 2 2 2
2 2 2 2
2 2 2 2
0 2 2 2
2 2 2 2
2 2 7 2
2 2 1 4
5 2 2 3
2 2 2 2
2 2 2 2
0 0 0 5
2 2 2 2
2 2 2 2
2 2 2 2
2 2 2 2
2 2 2 2
2 2 2 2
2 2 2 2
2 2 2 2
2 2 2 2
2 2 2 2
2 2 2 2
2 2 2 2
0 8 4 0
2 2 2 2
2 2 2 2
2 2 2 2
2 2 2 2
2 2 2 2
2 2 2 2
2 2 2 2
2 2 2 2
0 2 2 2
2 2 2 2
2 2 2 2
2 2 9 0
2 2 2 2
2 2 2 2
0 4 0 0
2 2 2 2
2 2 9 0
2 2 1 2
2 2 2 2
2 2 2 2
2 2 2 2
0 2 2 2
3 0 2 2
2 2 2 2
2 2 2 2
2 2 2 2
2 2 2 2
2 2 2 2
2 2 2 2
5 0 0 0
2 2 2 2
2 2 2 2
2 2 2 2
2 2 2 2
2 2 2 2
2 2 2 2
2 2 2 2
2 2 2 2
2 2 2 2
2 2 2 2
2 2 1 2
2 2 2 2
8 9 9 3
2 2 2 2
0 2 2 2
2 2 2 2
2 2 2 2
2 2 3 2
2 2 2 2
2 2 2 2
2 2 2 2
2 2 2 2
2 2 2 2
2 2 2 2
2 2 2 2
2 2 2 2
2 2 5 0
2 2 2 2
2 2 2 2
2 2 2 2
2 2 2 2
2 2 1 2
2 2 2 2
2 2 2 2
2 2 2 2
2 2 2 2
2 2 2 2
2 2 2 2
2 2 2 2
2 2 2 2
2 2 2 2
2 2 2 2
2 2 2 2
0 0 0 0
2 2 2 2
2 2 2 2
2 2 2 2
0 2 2 2
2 2 2 2
2 2 2 2
2 2 8 7
2 2 2 2
2 2 2 8
2 2 2 2
2 2 2 2
2 2 2 2
2 2 2 2
2 2 2 2
2 2 2 8
2 2 2 2
8 1 2 3
2 2 2 2
2 2 2 2
2 2 2 2
2 2 2 2
2 2 1 2
2 2 2 2
2 2 2 2
2 2 2 2
2 2 2 2
2 2 2 2
2 2 2 3
2 2 2 2
2 2 2 2
2 2 2 2
2 2 2 4
2 2 2 2
2 2 2 2
2 2 2 2
2 2 2 2
2 2 2 1
2 2 2 2
2 2 1 2
2 2 2 2
2 2 2 4
0 2 2 2
2 2 2 2
2 2 2 2
2 2 2 2
5 0 7 0
2 2 2 2
2 2 2 2
0 8 4 0
2 2 2 2
2 2 4 2
2 2 2 2
0 2 2 2
2 2 2 2
5 8 9 3
2 2 2 2
2 2 2 2
2 2 2 2
2 2 1 2
2 2 2 2
2 2 2 2
2 2 2 2
2 2 2 2
2 2 2 2
2 2 2 2
2 2 2 2
0 0 0 0
2 2 3 7
2 2 2 2
2 2 2 2
2 2 2 2
2 2 7 4
2 2 2 2
2 2 2 2
2 2 2 2
2 2 2 2
2 2 2 2
2 2 2 2
2 2 2 2
2 2 2 2
4 0 0 0
0 2 2 2
2 2 2 2
2 2 2 2
2 2 2 2
2 2 2 2
2 2 2 2
2 2 2 2
2 2 2 2
2 2 2 2
2 2 2 2
2 2 2 2
2 2 2 2
2 2 2 2
2 2 1 2
2 2 2 2
2 2 2 2
0 2 2 2
2 2 2 2
2 2 4 2
2 2 2 2
2 2 2 2
2 2 2 2
2 2 2 2
3 0 7 0
0 2 2 2
2 2 2 2
2 2 2 2
2 2 2 2
2 2 1 2
2 2 2 2
2 2 2 2
2 2 2 2
2 2 2 2
2 2 2 2
2 2 2 2
2 2 3 2
2 2 2 2
2 2 2 2
2 2 2 2
2 2 3 2
2 2 2 2
2 2 2 2
2 2 2 2
2 2 2 2
0 2 2 2
2 2 2 2
2 2 2 2
2 2 2 2
2 2 2 2
0 2 2 2
3 0 2 2
2 2 2 2
2 2 2 2
2 2 2 2
2 2 2 2
2 2 2 2
2 2 2 2
2 2 2 2
2 2 2 2
2 2 2 2
2 2 2 2
2 2 2 2
2 2 2 2
2 2 2 2
2 2 2 1
2 2 2 2
2 2 2 2
2 2 2 2
2 2 2 2
0 2 2 2
2 2 2 2
2 2 5 0
2 2 2 2
2 2 2 8
2 2 2 2
2 2 2 2
2 2 2 2
2 2 2 2
2 2 2 2
2 2 2 9
2 2 4 6
2 2 2 2
2 2 2 2
2 2 2 2
2 2 2 2
2 2 2 2
2 2 2 2
2 2 2 2
2 2 2 2
2 2 2 2
2 2 1 2
2 2 2 2
2 2 2 2
2 2 2 2
2 2 2 2
2 2 2 2
2 2 2 2
2 2 2 2
2 2 8 4
2 2 2 2
2 2 2 2
2 2 2 2
2 2 2 2
3 0 0 8
2 2 2 2
2 2 2 2
2 2 2 2
2 2 2 2
2 2 2 2
0 2 2 2
2 2 2 2
3 0 2 2
2 2 2 2
2 2 2 2
2 2 9 8
2 2 2 2
2 2 2 8
2 2 2 2
2 2 2 2
2 2 2 2
2 2 2 2
2 2 2 2
2 2 4 2
2 2 2 2
2 2 2 2
2 2 2 2
2 2 2 2
8 4 0 2
2 2 2 2
2 2 2 2
2 2 2 2
2 2 8 4
2 2 2 2
2 2 2 2
2 2 2 2
2 2 2 2
2 2 2 2
2 2 2 2
2 2 2 2
2 2 2 2
2 2 2 2
2 2 2 2
2 2 2 2
2 2 2 2
2 2 3 7
2 2 2 2
2 2 2 2
2 2 2 2
2 2 2 2
0 2 2 2
2 2 2 2
2 2 2 2
2 2 4 2
2 2 2 2
2 2 2 2
2 2 2 2
2 3 7 0
2 2 2 2
2 2 2 2
2 2 2 2
2 2 2 2
2 2 2 2
2 2 2 2
2 2 9 0
2 2 2 2
2 2 2 2
2 2 2 2
2 2 2 2
2 2 2 2
2 2 2 2
0 2 2 2
2 2 2 2
2 2 2 2
2 2 2 2
2 2 2 2
2 2 2 2
2 2 2 2
2 2 2 2
2 2 2 2
2 2 2 2
2 2 2 2
2 2 2 2
2 2 2 2
2 2 2 2
2 2 4 2
2 2 2 2
2 2 2 2
2 2 2 2
2 2 2 2
0 0 0 0
2 2 2 2
0 2 2 2
2 2 2 2
2 2 2 2
2 2 1 2
0 0 0 0
2 2 2 2
2 2 8 4
2 2 1 2
2 2 2 2
2 2 2 2
2 2 2 2
2 2 2 2
2 2 2 2
8 4 5 0
2 2 2 2
2 2 2 2
2 2 1 2
2 2 2 2
2 2 2 2
2 2 2 2
2 2 3 7
2 2 2 2
2 2 2 2
2 2 2 2
2 2 2 2
2 2 2 2
2 2 2 2
2 2 2 2
2 2 2 2
2 2 2 2
0 0 2 2
2 2 2 2
2 2 2 2
2 2 2 2
2 2 2 2
2 2 2 2
0 2 2 3
2 2 2 2
2 2 2 2
2 2 2 2
2 2 2 2
2 2 2 2
2 2 2 2
2 2 2 2
2 2 2 2
2 3 2 2
2 2 2 2
2 2 2 2
2 2 2 2
2 2 2 2
2 2 2 2
2 2 2 2
2 2 2 2
2 2 2 2
2 2 2 2
2 2 2 2
2 2 2 2
2 2 2 2
2 2 2 2
0 0 5 0
2 2 1 2
6 4 0 2
2 2 2 2
2 2 2 2
2 2 2 2
2 2 2 2
2 2 2 2
2 2 5 0
2 2 2 2
2 2 2 2
2 2 2 2
2 2 2 2
2 2 2 2
2 2 2 2
2 2 2 2
2 2 2 2
2 2 2 2
2 2 2 2
2 2 2 2
2 2 2 2
2 2 2 2
2 2 2 2
2 2 5 0
0 2 2 2
2 2 2 2
2 2 2 2
2 2 2 2
2 2 2 2
2 2 2 2
2 2 2 2
2 2 4 2
2 2 2 2
2 2 2 2
2 2 4 8
2 2 2 2
2 2 2 2
2 2 2 2
2 2 2 2
3 2 8 2
2 2 2 2
0 0 4 0
2 2 2 2
2 2 2 2
2 2 2 2
4 0 0 0
2 2 2 2
2 2 2 2
2 2 2 2
2 2 2 2
2 2 2 2
4 2 2 2
2 2 2 2
2 2 2 2
2 2 2 2
2 2 2 2
2 2 2 2
2 2 2 2
2 2 7 2
2 2 2 2
2 2 2 2
2 2 2 2
2 2 2 2
2 2 2 2
2 2 1 2
2 2 2 2
2 2 2 2
2 2 2 2
2 2 2 2
2 2 1 2
2 2 4 5
2 2 2 2
2 2 2 2
2 2 2 2
2 2 2 2
2 2 2 2
2 2 2 2
2 2 2 2
2 2 2 2
0 2 2 2
2 2 2 2
2 2 2 2
2 2 2 2
2 2 1 2
2 2 2 2
2 2 2 2
2 2 2 2
2 2 2 2
2 2 2 2
2 2 2 2
2 2 2 2
2 2 2 2
2 2 9 5
2 2 2 2
2 2 2 2
2 2 2 2
2 2 2 2
2 2 2 2
2 2 2 2
2 2 2 2
2 2 2 2
2 2 2 2
2 2 2 2
2 2 2 2
8 4 9 2
2 2 2 2
2 2 2 2
2 2 2 2
2 2 2 2
2 2 2 2
2 2 2 2
2 2 2 2
8 2 5 0
2 2 2 2
2 2 2 2
2 2 2 2
2 2 2 2
2 2 2 2
0 2 2 2
2 2 2 2
2 2 2 2
2 2 2 2
2 2 2 2
0 0 0 0
2 2 2 2
0 0 0 5
8 0 4 0
2 2 2 2
2 2 2 2
0 2 2 2
2 2 2 2
2 2 2 2
2 2 2 2
2 2 2 2
2 2 2 2
2 2 2 2
2 2 2 2
2 2 2 2
2 2 2 2
2 2 2 2
0 0 0 0
2 2 1 2
2 2 7 2
2 2 2 2
2 2 2 2
8 5 0 0
2 2 2 2
2 2 2 2
2 2 2 1
2 2 2 2
8 4 0 7
2 2 2 2
2 2 2 2
5 0 0 0
2 2 2 2
2 2 2 2
2 2 2 2
2 2 9 0
2 2 2 2
2 2 2 2
2 2 2 2
2 2 2 2
2 2 1 2
0 0 2 2
2 2 2 2
2 2 2 2
2 2 2 2
2 2 2 2
2 2 2 2
2 2 2 2
2 2 2 2
2 2 2 2
2 2 2 8
2 2 2 2
2 2 2 2
2 2 2 2
2 2 2 2
2 2 2 2
2 2 2 2
2 2 2 2
2 2 8 4
2 2 2 2
2 2 2 2
2 2 3 0
2 2 2 2
2 2 2 2
2 2 2 2
3 0 2 2
0 0 0 0
2 2 2 2
2 2 2 2
2 2 1 2
2 2 2 2
2 2 2 2
2 2 2 2
2 2 2 2
2 2 1 4
2 2 2 2
2 2 2 2
2 2 2 2
2 2 2 2
2 2 2 2
2 2 2 2
2 2 2 2
0 0 2 2
2 2 2 2
2 2 2 2
2 2 2 2
2 2 2 2
2 2 2 2
2 2 1 2
2 2 2 2
2 2 2 2
4 0 0 0
0 7 2 2
2 2 2 2
2 2 2 2
2 2 2 2
2 2 2 5
2 2 2 1
2 2 2 2
2 2 2 2
2 2 2 2
2 2 5 0
2 2 2 2
2 2 2 2
2 2 2 2
2 2 9 0
2 2 2 2
2 2 2 9
2 2 2 2
2 2 2 2
2 2 3 2
2 2 3 2
2 2 2 2
0 2 2 2
2 2 2 2
2 2 2 2
2 2 2 2
2 2 2 2
2 2 2 2
2 2 2 2
2 2 2 2
2 2 2 2
2 2 2 2
2 2 2 2
2 2 2 2
2 2 2 2
2 2 2 2
2 2 2 2
2 2 2 2
2 2 2 2
2 2 2 2
2 2 2 2
2 2 1 2
2 2 2 2
2 2 2 2
2 2 2 2
2 2 2 2
2 2 2 2
2 2 2 2
2 2 2 2
2 2 2 2
2 2 2 2
2 2 2 2
2 2 8 5
2 2 2 2
2 2 2 2
2 2 2 2
2 2 2 2
2 2 2 2
2 2 2 2
2 2 2 2
2 2 2 2
2 2 1 2
2 2 2 2
2 2 2 3
2 2 2 2
2 2 2 2
2 2 2 2
2 2 2 2
0 4 0 5
2 2 2 2
2 2 1 2
2 2 2 2
2 2 8 4
0 2 2 2
2 2 2 2
2 2 2 2
2 2 2 2
2 2 2 2
2 2 2 2
2 2 5 0
2 2 2 2
5 0 6 4
2 2 2 2
2 2 2 2
2 2 2 7
2 2 2 2
2 2 2 2
2 2 2 2
2 2 2 2
2 2 2 2
2 2 2 2
2 2 0 0
2 2 2 2
2 2 2 2
2 2 2 2
2 2 2 2
2 2 2 2
2 2 2 2
2 2 2 2
2 2 2 2
2 2 2 2
2 2 2 2
2 2 2 2
2 2 2 2
2 2 2 2
2 2 2 2
2 2 2 2
2 2 2 2
0 0 0 0
2 2 2 2
2 2 2 2
2 2 2 2
2 2 2 2
2 2 2 2
4 0 0 0
2 2 2 2
2 2 2 2
2 2 2 2
2 2 2 2
2 2 2 2
2 2 2 2
2 2 2 2
2 2 2 2
0 0 0 0
2 2 2 2
2 2 2 2
2 2 2 2
2 2 2 2
2 2 2 2
2 2 2 2
0 2 2 2
2 2 2 2
2 2 2 2
2 2 2 2
0 2 2 2
2 2 2 2
2 2 2 2
2 1 2 2
2 2 2 2
2 2 2 2
2 2 2 2
2 2 2 2
2 2 2 2
2 2 2 2
2 2 2 2
2 2 2 2
2 2 2 2
2 2 2 2
8 7 3 0
2 2 2 2
2 2 2 2
2 2 2 2
2 2 2 2
2 2 2 2
2 2 2 2
2 2 2 2
2 2 7 3
2 2 2 2
2 2 2 2
2 2 2 2
2 2 2 2
2 2 2 2
2 2 2 2
2 2 2 2
2 2 2 2
2 2 2 2
2 2 2 2
2 2 2 2
0 0 4 0
2 2 3 4
2 2 2 2
2 2 2 2
2 2 2 2
2 2 2 2
2 2 2 2
2 2 2 2
2 2 2 2
2 2 1 2
0 2 2 2
2 2 2 2
2 2 1 2
2 2 2 2
2 2 2 2
2 2 2 2
2 2 2 2
2 2 2 2
2 2 2 2
2 2 2 2
2 2 3 5
2 2 2 2
3 8 8 2
2 2 2 2
2 2 2 8
2 2 2 2
2 2 2 2
3 2 2 2
2 2 2 2
2 2 2 2
2 2 2 2
2 2 2 2
2 2 2 2
2 2 2 2
2 2 2 2
0 0 0 0
2 2 5 2
2 2 2 2
2 2 1 4
2 2 2 2
2 2 2 2
2 2 2 2
2 2 2 2
2 2 2 2
0 2 2 2
0 2 2 8
2 2 2 2
2 2 1 2
2 2 2 2
2 2 2 5
0 2 2 2
2 2 2 2
3 0 2 2
2 2 2 2
2 2 2 2
2 2 2 2
2 2 2 2
2 2 2 2
2 2 1 2
2 2 2 2
2 2 2 2
2 2 2 2
2 2 2 2
2 2 2 2
2 2 2 2
0 2 2 2
2 2 2 2
2 2 2 2
2 2 2 2
2 2 2 2
2 2 2 2
2 2 2 2
2 2 2 2
2 2 2 2
2 2 1 2
2 2 2 2
2 2 3 4
2 2 2 2
2 2 2 2
2 2 2 2
2 2 1 5
2 2 2 2
2 2 2 2
2 2 2 2
2 2 2 2
2 2 2 2
2 2 2 2
2 2 2 2
2 2 2 2
2 2 2 2
0 0 5 0
2 2 2 2
2 2 2 2
2 2 2 2
2 2 2 2
2 2 2 2
2 2 9 3
2 2 2 2
2 2 2 2
2 2 2 2
2 2 2 2
2 2 2 2
0 0 0 0
2 2 2 2
2 2 4 2
0 2 2 9
2 2 2 2
2 2 2 2
2 2 8 5
2 2 2 2
2 2 2 2
2 2 2 2
2 2 2 2
3 0 2 2
3 0 2 2
0 0 2 0
2 2 2 2
2 2 2 2
2 2 2 2
2 2 2 1
2 2 2 2
2 2 2 2
8 4 0 4
2 2 2 2
2 2 2 2
5 2 2 2
2 2 2 2
2 2 2 2
2 2 2 2
2 2 2 2
2 2 2 2
2 2 2 2
2 2 2 2
2 2 2 2
0 0 0 0
2 2 1 2
2 2 2 2
0 0 0 0
2 2 2 2
2 2 2 2
2 2 2 2
2 2 2 2
2 2 2 2
2 2 2 2
2 2 2 2
2 2 2 2
2 2 2 2
2 2 2 2
2 2 1 2
2 2 2 2
2 2 2 2
2 2 7 2
2 2 2 2
2 2 2 2
2 2 2 2
0 2 2 2
2 2 9 2
2 2 5 0
2 2 2 2
2 2 2 2
2 2 2 2
2 2 2 2
2 2 1 2
2 2 2 2
2 2 2 2
2 2 2 2
0 2 2 2
2 2 2 2
2 2 2 2
2 2 2 2
0 0 0 5
2 2 2 2
2 2 2 2
2 2 2 2
2 2 2 2
2 2 2 2
2 2 2 2
2 2 2 2
2 2 3 2
2 2 2 2
0 2 2 2
2 2 2 2
2 2 2 2
3 5 0 0
0 2 2 2
2 2 2 2
2 2 3 2
2 2 2 2
2 2 2 2
2 2 2 2
2 2 2 2
2 2 2 2
2 2 2 2
2 2 2 2
2 2 2 2
2 2 2 2
2 2 2 2
2 2 2 2
2 2 2 2
3 5 0 0
2 2 2 2
2 2 2 2
2 2 2 2
2 2 2 2
8 4 0 2
0 2 2 2
2 2 2 2
2 2 2 2
2 2 2 2
2 2 2 2
2 2 2 2
0 2 2 0
2 2 2 2
2 2 2 2
2 2 5 0
2 2 2 2
2 2 2 2
2 2 2 2
2 2 3 5
2 2 2 2
2 2 1 2
2 2 2 2
2 2 8 2
2 2 2 2
2 2 2 2
2 2 2 2
2 2 2 2
2 2 2 2
2 2 2 2
2 2 2 2
2 2 2 2
2 2 2 2
2 2 2 2
2 2 2 2
2 2 2 8
2 2 2 2
2 2 1 2
2 2 2 2
2 2 2 2
2 2 2 2
2 2 2 2
2 2 2 2
2 2 3 7
2 2 2 2
2 2 2 2
2 2 1 2
2 2 2 2
2 2 2 2
2 2 2 2
2 2 2 2
8 4 0 2
2 2 2 2
2 2 2 2
2 2 2 2
2 2 2 2
2 2 2 2
2 2 2 1
2 2 2 2
0 2 2 2
2 2 2 2
2 2 2 2
2 2 2 2
2 2 2 2
2 2 2 2
2 2 7 2
2 2 2 2
2 2 2 2
2 2 2 4
2 2 2 2
0 2 2 2
2 2 2 2
2 2 2 2
2 2 2 2
2 2 2 2
2 2 2 2
2 2 2 2
2 2 2 2
2 2 2 2
2 2 2 2
2 2 2 2
2 2 2 2
2 2 2 1
4 0 0 0
0 2 2 2
2 2 2 2
2 2 2 2
2 2 2 2
1 2 2 2
2 2 2 2
2 2 2 2
2 2 4 2
2 2 2 2
2 2 2 2
2 2 2 2
2 2 2 2
2 2 2 2
2 2 2 2
2 2 2 2
2 2 2 2
2 2 2 2
2 2 2 2
2 2 2 2
2 2 2 2
2 2 2 2
2 2 2 2
2 2 2 2
2 2 2 2
2 2 2 2
2 2 2 2
2 2 2 2
2 2 3 2
4 0 2 2
2 2 1 2
2 2 2 2
0 0 2 2
2 2 1 2
2 2 2 1
2 2 2 2
2 2 2 2
2 2 2 2
2 2 2 2
2 2 2 2
0 2 2 2
0 0 0 0
2 2 2 2
2 2 2 2
2 2 2 2
2 2 4 2
2 2 8 2
2 2 2 2
2 2 5 0
2 2 2 2
2 2 2 2
2 2 2 2
2 2 3 7
2 2 2 2
2 2 2 2
2 2 3 7
2 2 1 2
2 1 3 2
2 2 2 2
2 2 2 2
2 2 2 2
2 2 2 2
2 2 2 2
2 2 4 5
2 2 2 2
0 0 0 0
2 2 2 2
2 2 2 2
2 2 2 2
2 2 2 2
2 2 2 2
2 2 2 2
2 2 2 2
2 2 2 2
0 2 2 2
2 2 2 4
2 2 2 2
2 2 2 2
2 2 2 2
0 2 2 8
2 2 2 2
2 2 2 2
0 2 2 2
2 2 2 2
2 2 2 2
2 2 2 2
2 2 3 8
2 2 2 2
2 2 2 2
2 2 2 2
2 2 2 2
5 0 0 0
2 2 2 2
2 2 2 2
2 2 2 2
2 2 2 2
2 2 2 2
5 0 0 0
2 2 2 5
2 2 2 2
2 2 2 2
2 2 2 2
2 2 2 2
2 2 2 2
2 2 2 2
0 2 2 2
2 2 2 2
2 2 8 0
2 2 2 2
2 2 2 2
2 2 2 2
3 7 0 0
2 2 2 2
2 2 2 2
2 2 2 2
2 2 2 2
2 2 2 2
2 2 2 2
2 2 2 2
2 2 2 2
0 2 2 2
2 2 2 2
2 2 2 2
2 2 2 2
8 0 4 0
2 2 2 2
2 2 2 2
2 2 2 2
2 2 2 2
2 2 2 2
2 2 2 2
2 2 2 2
2 2 2 2
2 2 2 2
2 2 2 2
2 2 9 2
2 2 2 2
0 0 2 2
2 2 2 2
2 2 2 2
2 2 2 2
2 2 2 2
2 2 2 2
2 2 2 2
2 2 2 2
2 2 2 2
2 2 2 2
2 2 2 2
2 2 2 2
4 0 3 0
2 2 2 2
2 2 2 2
8 4 0 4
2 2 2 2
4 0 3 0
2 2 5 2
2 2 3 5
0 2 8 0
2 2 2 2
0 0 0 0
2 2 2 2
0 0 2 2
2 2 2 2
2 2 2 2
2 2 2 2
2 2 2 2
2 2 2 2
2 2 2 2
2 2 2 2
2 2 2 2
2 2 2 2
2 2 8 2
0 0 0 0
2 2 2 2
2 2 2 2
2 2 2 2
2 2 2 2
2 2 2 2
2 2 2 2
2 2 2 2
4 0 3 2
2 2 2 2
3 0 0 3
0 2 2 2
3 9 3 5
2 2 2 2
2 2 2 2
2 2 2 2
2 2 2 2
2 2 2 2
2 2 2 2
2 2 2 2
2 2 2 2
2 2 2 2
2 2 2 2
0 2 2 2
2 2 2 2
2 2 2 2
2 2 2 2
2 2 2 2
2 2 2 2
2 2 2 2
2 2 2 2
2 2 2 2
2 2 2 2
2 2 2 3
2 2 2 2
2 2 2 2
2 2 1 2
2 2 2 2
2 2 2 2
2 2 1 8
2 2 2 2
2 2 2 2
2 2 2 2
2 2 2 2
2 2 2 2
2 2 2 2
2 2 2 2
2 2 2 2
2 2 2 2
2 2 2 2
2 2 2 2
2 2 1 2
2 2 2 2
2 2 2 2
0 3 5 0
2 2 2 2
2 2 9 3
2 2 2 2
8 9 3 2
8 4 0 2
2 2 2 2
2 2 2 2
2 2 2 2
2 2 2 2
2 2 2 2
2 2 1 2
2 2 2 2
2 2 2 2
2 2 2 2
2 2 9 0
2 2 2 2
0 2 2 2
2 2 2 2
0 2 2 8
2 2 2 2
2 2 2 2
2 2 2 2
2 2 2 2
4 0 3 0
0 0 0 0
2 2 2 2
2 2 3 7
2 2 2 2
2 2 2 2
2 2 2 2
2 2 2 2
5 0 0 0
2 2 2 2
2 2 2 2
2 2 2 2
2 2 2 2
2 2 2 2
2 2 2 2
2 2 2 2
2 2 2 2
2 2 2 2
2 2 2 2
2 2 2 2
2 2 2 2
2 2 2 2
2 2 2 2
2 2 2 2
2 2 2 2
2 2 2 2
2 2 2 2
2 2 2 2
2 2 2 2
2 2 2 2
2 2 2 2
2 2 2 2
2 2 2 2
2 2 2 2
2 2 2 2
2 2 2 1
2 2 2 2
2 2 2 2
2 2 2 2
2 2 2 2
2 2 2 2
2 2 2 2
2 2 2 2
2 2 2 2
2 2 2 2
2 2 2 2
2 2 2 2
2 2 2 2
2 8 5 0
2 2 1 2
7 3 1 2
2 2 3 2
2 2 2 2
2 2 2 2
2 2 2 2
2 2 2 2
0 2 2 2
2 2 2 2
2 2 1 2
2 2 3 0
2 2 2 2
2 2 2 2
2 2 2 2
2 2 2 2
2 2 2 2
2 2 2 2
2 2 2 2
2 2 2 2
2 2 1 2
2 2 2 2
2 2 2 2
2 2 3 5
2 2 2 2
2 2 2 2
2 2 2 2
2 2 2 2
8 5 0 0
2 2 2 2
5 0 0 0
2 2 2 2
2 2 2 2
2 2 2 2
2 2 2 2
7 3 0 0
2 2 2 2
2 2 2 2
2 2 2 2
2 2 2 2
2 2 2 2
2 2 2 2
2 2 2 2
2 2 2 2
2 2 2 2
2 2 2 2
2 2 2 2
2 2 2 2
2 2 2 2
2 2 2 2
2 2 2 2
2 2 2 2
2 2 2 2
2 1 2 2
2 2 2 2
2 2 2 2
2 2 2 2
2 2 2 1
2 2 2 2
2 2 2 2
2 2 2 2
0 0 0 0
2 2 2 2
2 2 2 2
2 2 2 2
2 2 2 2
2 2 2 2
2 2 2 2
2 2 2 2
2 2 2 2
2 2 2 2
2 2 2 2
2 2 2 2
2 2 2 2
2 2 2 2
2 2 2 2
8 5 0 0
2 2 2 2
2 2 2 2
2 2 2 1
2 2 2 2
2 2 2 2
2 2 2 2
2 2 2 2
2 2 2 2
2 2 2 2
2 2 2 2
2 2 2 2
2 2 2 2
2 2 2 1
2 2 2 2
2 2 2 2
2 2 2 2
2 2 2 2
2 2 2 2
2 2 2 2
2 2 2 2
2 2 2 2
2 2 3 5
0 8 2 5
2 2 2 2
2 2 2 2
2 2 2 2
2 2 2 2
2 2 2 2
2 2 2 2
5 0 0 0
2 2 2 2
2 2 2 7
2 2 2 2
2 2 2 2
2 2 2 2
8 5 9 0
2 2 1 2
2 1 2 2
2 2 2 2
2 2 2 2
2 2 2 2
2 2 5 0
2 2 2 2
0 2 2 2
2 2 2 2
2 2 2 2
2 2 2 2
2 2 2 2
2 2 5 0
2 2 2 2
2 2 2 2
2 2 2 2
2 2 2 2
2 2 2 2
2 2 2 2
2 2 2 2
2 2 2 2
2 2 2 2
2 2 2 2
2 2 2 2
2 2 2 2
2 2 2 2
2 2 2 2
2 2 2 2
2 2 1 2
2 2 2 4
2 2 2 2
2 2 2 4
2 2 2 2
0 2 2 2
2 2 2 2
4 0 3 7
2 2 2 2
1 2 2 2
2 2 2 2
2 2 2 2
2 2 2 2
2 2 2 2
2 2 2 2
2 2 2 2
2 2 2 2
2 2 2 2
2 2 2 2
2 2 2 2
2 2 3 2
0 2 2 2
2 2 2 2
2 2 2 2
0 2 2 2
2 2 2 2
2 2 2 2
2 2 2 2
2 2 1 2
2 2 2 2
2 2 2 2
0 0 0 0
2 2 2 2
2 2 2 2
2 2 2 2
2 2 2 2
2 2 2 2
0 0 0 0
0 2 2 8
2 2 2 2
2 2 2 2
2 2 2 2
0 2 2 2
2 2 2 2
2 2 2 2
2 2 1 2
2 2 2 2
2 2 2 2
2 2 2 2
2 2 2 2
2 2 2 2
2 2 2 2
2 2 1 2
2 2 2 2
3 0 2 2
2 2 2 2
2 2 2 2
2 2 2 2
2 2 2 2
2 2 2 2
2 2 2 2
2 2 2 2
0 2 2 2
2 2 2 2
2 2 2 2
3 9 3 5
2 2 2 2
2 2 2 1
2 2 3 2
2 2 2 2
2 2 2 2
2 2 2 2
2 2 2 2
2 2 2 2
2 2 2 2
0 2 2 2
2 2 2 2
0 0 0 0
4 0 3 5
2 2 2 2
4 0 3 0
2 2 2 2
2 2 2 2
2 2 2 2
2 2 2 2
2 2 1 2
2 2 2 2
2 2 2 2
2 2 2 2
2 2 2 2
2 2 2 2
2 8 4 5
2 2 8 5
2 2 1 2
2 2 2 2
2 2 2 2
2 2 2 2
2 2 2 2
2 2 2 2
2 2 2 2
2 2 2 2
2 2 2 2
2 2 4 5
2 2 2 2
0 2 2 2
2 2 1 2
2 2 2 2
4 0 3 0
2 2 9 3
2 2 2 2
2 2 2 2
2 2 2 2
2 2 2 2
2 2 2 2
2 2 2 2
2 2 3 0
2 2 5 0
2 2 1 2
2 2 5 0
2 2 2 2
0 0 0 0
2 2 2 2
2 2 2 2
2 2 2 2
2 2 2 2
2 2 2 2
0 0 2 2
2 2 2 2
2 2 2 2
2 2 2 2
2 2 2 2
2 2 2 2
2 2 2 3
2 2 2 2
2 2 2 2
2 2 1 2
2 2 2 2
2 2 2 2
2 2 2 2
8 4 4 0
2 2 2 2
2 2 2 2
2 2 2 2
2 2 2 2
2 2 2 2
2 2 2 2
2 2 2 2
2 2 2 2
2 2 8 2
2 2 2 2
2 2 2 2
2 2 2 2
2 2 2 2
2 2 2 2
2 2 2 2
2 2 2 2
2 2 2 2
2 2 2 2
2 2 2 2
2 2 2 2
2 2 2 2
2 2 2 2
2 2 2 2
2 2 2 2
2 2 2 2
2 2 2 2
2 2 2 2
2 2 2 2
2 2 2 2
7 9 3 7
2 2 2 2
2 2 2 2
2 2 2 2
2 2 2 2
2 2 2 2
2 2 2 2
2 2 2 2
2 2 2 2
2 2 2 2
2 2 2 2
2 2 2 2
0 2 2 2
2 2 2 2
2 2 2 2
5 0 0 0
2 2 2 2
2 2 2 2
2 2 2 2
2 2 2 2
2 2 2 2
2 2 2 2
2 2 2 1
2 2 2 2
5 9 7 2
2 2 2 2
2 2 2 2
3 0 0 3
2 2 2 1
2 2 2 2
2 2 2 2
2 2 2 2
2 2 2 2
2 2 2 2
0 2 2 2
2 2 2 2
2 2 2 2
2 2 2 2
2 2 2 2
2 2 2 2
2 2 2 2
2 2 2 2
3 0 0 2
2 2 2 2
2 2 2 2
2 2 2 2
2 2 1 2
2 2 2 2
2 2 2 2
2 3 7 7
2 2 2 2
2 2 2 2
2 2 2 2
2 2 2 2
2 2 2 2
2 2 1 2
2 2 2 2
2 2 2 2
2 2 2 2
0 0 0 0
2 2 2 2
2 2 2 2
2 2 2 2
2 2 2 2
2 2 4 2
2 2 2 2
2 2 2 2
2 2 2 2
2 2 2 2
2 2 2 2
2 2 2 2
2 2 2 2
5 4 0 3
2 2 2 2
2 2 2 2
2 2 2 2
2 2 2 3
2 2 5 0
2 2 2 2
2 2 2 2
0 2 8 2
2 2 2 2
2 2 2 2
2 2 2 2
2 2 2 2
2 2 2 2
3 9 3 2
2 2 2 2
2 2 2 2
2 2 2 2
0 2 2 2
2 2 2 2
2 2 2 2
2 2 2 2
2 2 2 2
2 2 2 2
2 2 2 2
2 2 2 1
2 2 2 2
2 2 2 2
2 1 2 2
2 2 2 2
5 0 0 0
2 2 2 2
2 2 2 2
2 2 1 2
2 2 1 2
2 2 2 2
2 2 2 2
2 2 2 2
4 2 2 2
2 2 2 2
2 2 2 2
1 2 2 2
2 2 2 2
2 2 2 2
2 2 2 2
2 2 2 2
2 2 2 3
2 2 2 2
2 2 2 2
5 5 0 0
0 2 2 2
2 2 7 5
2 2 2 2
2 2 2 2
2 2 2 2
2 2 2 2
2 2 2 2
2 2 2 2
2 2 2 2
2 2 2 2
2 2 2 2
0 2 2 2
2 2 2 2
2 2 2 2
2 2 2 2
2 2 3 0
2 2 2 2
2 2 2 2
2 2 2 2
4 0 5 0
2 2 2 2
4 0 3 0
2 2 2 2
2 2 2 2
5 0 2 0
2 2 2 2
2 2 2 2
2 2 2 2
2 2 2 2
2 2 2 2
2 2 2 2
2 2 2 2
2 2 2 2
0 0 0 0
2 2 2 2
0 0 0 0
0 2 2 2
2 2 2 2
2 2 2 2
2 2 2 2
2 2 2 2
2 2 2 2
2 2 2 2
2 2 2 2
2 2 2 2
2 2 2 2
2 2 2 2
4 2 2 2
2 2 2 2
2 2 2 2
0 2 2 2
2 2 2 2
2 2 2 2
2 2 2 2
2 2 1 2
2 2 2 2
2 2 2 2
2 2 2 2
2 2 2 2
2 2 2 2
2 2 2 2
2 2 2 2
2 2 2 2
2 2 2 2
2 2 2 2
2 2 2 2
2 2 2 3
2 2 2 2
2 2 2 2
2 2 2 2
5 0 0 0
0 0 0 0
2 2 2 2
2 2 2 2
2 2 2 2
2 2 2 2
2 2 2 2
2 2 2 2
2 2 2 2
2 2 2 2
2 2 2 2
2 2 2 2
2 2 2 2
2 2 2 2
2 2 2 8
2 2 2 2
2 2 2 2
2 2 2 2
2 2 2 2
2 2 2 2
0 4 2 2
2 2 2 2
2 1 4 2
2 2 2 2
2 2 2 2
2 2 2 2
0 2 2 8
2 2 2 2
2 2 2 2
2 2 2 2
2 2 2 2
2 2 2 2
2 2 2 2
2 2 2 2
2 2 2 2
2 2 2 2
2 2 2 2
2 2 2 2
4 4 0 0
2 2 2 2
2 2 2 2
2 2 2 2
2 2 2 2
2 2 2 2
2 2 2 2
2 2 2 2
2 2 2 2
2 2 2 2
2 2 2 2
2 2 2 2
0 0 2 2
2 2 2 2
2 2 2 2
2 2 2 2
2 2 2 2
2 2 3 0
2 2 2 2
2 2 2 2
8 4 5 5
2 2 2 2
2 2 2 2
2 2 2 2
7 1 6 6
2 2 2 2
2 2 2 4
2 2 2 2
2 2 2 2
8 4 0 7
2 5 0 0
0 4 0 3
2 2 2 2
2 2 2 2
2 2 2 2
0 2 2 2
2 2 2 2
2 2 2 2
2 2 2 2
2 2 2 2
0 2 2 2
7 0 0 2
2 2 4 2
2 2 2 2
2 2 2 2
2 2 2 2
2 2 2 3
2 2 2 2
2 2 2 2
2 2 2 2
2 2 2 2
2 2 2 2
2 2 2 2
2 2 2 2
5 0 0 0
8 8 9 0
2 2 2 2
2 2 2 2
2 2 2 2
2 2 2 2
2 2 5 0
0 2 2 2
2 2 2 2
2 2 2 2
2 2 2 2
2 2 2 2
2 2 2 2
8 4 0 3
2 2 2 2
2 2 2 2
2 2 2 2
2 2 2 2
2 2 2 2
0 2 2 2
2 2 2 2
0 0 0 0
2 2 2 2
4 0 3 0
2 2 2 2
2 2 2 2
2 2 2 2
8 5 0 0
2 2 2 2
2 2 2 2
2 2 2 2
2 2 2 2
2 2 2 2
2 2 2 2
2 2 2 2
2 2 2 2
2 2 2 2
2 2 2 2
2 2 2 2
2 2 2 2
2 2 2 2
2 2 2 2
2 2 2 2
7 3 0 2
2 2 2 2
2 2 2 2
2 2 2 2
2 2 1 2
2 2 2 2
2 2 2 2
2 2 2 2
2 2 2 2
2 2 2 2
2 2 2 2
2 2 2 2
2 2 2 2
2 2 2 2
2 2 2 2
2 2 2 2
2 2 2 2
2 2 2 2
2 2 2 2
2 2 2 2
2 2 2 2
2 2 2 2
2 2 2 2
2 2 2 2
2 2 2 2
2 2 2 2
2 8 2 5
2 2 2 2
2 2 8 5
0 0 0 0
2 2 2 2
2 2 2 2
2 2 2 2
2 2 2 2
0 0 0 0
2 2 2 2
2 2 2 2
2 2 2 2
2 2 2 2
2 2 2 2
2 2 1 2
2 2 2 2
2 2 2 2
2 2 2 2
2 2 2 2
2 2 2 2
2 2 2 2
2 2 2 2
2 2 2 2
2 2 2 2
5 9 0 0
2 2 2 2
2 2 2 2
2 2 2 2
2 2 2 2
2 2 2 2
2 2 2 2
2 2 2 2
2 2 2 2
2 2 2 2
2 2 2 2
2 2 2 2
2 2 2 2
2 2 2 2
2 2 2 2
2 2 2 2
2 2 2 2
4 0 3 0
2 2 2 2
5 0 3 0
2 2 2 2
2 2 2 2
2 2 2 2
2 2 2 2
5 0 0 2
2 2 2 2
2 2 2 2
2 2 2 2
2 2 2 2
0 2 8 2
2 2 7 9
2 2 2 2
2 2 2 2
2 2 2 2
2 2 2 2
2 2 2 2
2 2 2 2
2 2 2 2
2 2 2 2
2 2 2 2
2 2 7 2
2 2 2 2
2 2 2 2
2 2 2 2
2 2 2 2
2 2 2 2
2 2 2 2
2 2 2 1
0 0 5 2
2 2 2 2
2 2 2 2
2 2 2 2
2 2 2 2
2 2 2 2
0 0 0 0
2 2 2 2
2 2 2 2
2 2 2 2
2 2 2 2
2 2 2 2
2 2 2 2
2 2 2 2
2 2 2 2
2 2 1 2
2 2 2 2
2 2 2 2
2 2 2 2
2 2 2 2
0 2 2 2
2 2 2 1
2 2 9 2
2 2 2 2
2 2 2 2
2 2 2 2
2 2 2 2
2 2 2 2
0 2 2 2
2 2 2 2
2 2 2 2
2 2 2 2
2 2 2 2
2 2 2 2
2 2 2 2
2 2 2 2
2 2 2 2
2 2 2 2
2 2 2 2
2 2 3 2
2 2 2 2
2 2 2 2
2 2 2 2
2 2 2 2
2 1 2 2
2 2 2 2
2 2 2 2
2 2 2 2
2 2 1 2
2 2 2 7
2 2 2 2
2 2 2 2
2 2 2 2
2 2 2 2
2 2 2 2
2 2 2 2
2 2 4 2
0 2 2 2
2 2 2 2
2 2 9 5
2 2 2 2
2 2 2 2
2 2 1 2
2 2 2 2
2 2 7 9
2 2 2 2
2 2 2 1
2 2 2 2
2 2 2 2
2 2 2 2
2 2 2 2
2 2 2 2
2 2 2 2
2 2 2 2
2 2 2 2
2 2 2 2
2 2 1 2
2 2 2 2
0 2 2 2
2 2 2 2
2 2 2 2
2 2 2 2
2 2 2 2
2 2 2 2
0 2 2 2
2 2 2 2
2 2 9 2
2 2 2 2
2 2 2 2
2 2 2 2
2 2 2 2
5 0 0 0
2 2 2 2
0 0 0 0
2 2 8 2
2 2 2 2
2 2 3 7
2 2 2 2
2 2 2 2
2 2 2 4
2 2 2 1
0 2 2 2
2 1 2 2
2 2 2 2
2 2 2 2
2 2 2 2
2 2 2 2
2 2 2 2
2 2 2 2
2 2 2 2
2 2 2 2
2 2 2 2
2 2 2 2
0 2 2 2
0 2 2 2
2 2 2 2
2 2 2 2
2 2 2 2
2 2 2 2
2 2 2 2
2 2 1 2
2 2 2 2
2 2 2 2
8 7 0 8
2 2 2 2
2 2 8 2
2 2 1 2
2 2 2 2
2 2 2 2
2 8 2 8
3 8 2 2
2 2 2 2
2 2 2 2
2 2 2 2
2 2 2 2
2 2 2 2
2 2 2 2
2 2 7 2
2 2 2 2
2 2 2 2
2 2 2 2
0 2 2 9
2 2 2 2
2 2 2 2
8 4 5 0
2 2 2 2
2 2 2 2
2 2 2 2
2 2 2 2
0 2 2 2
2 2 1 2
0 2 2 2
2 2 2 2
2 2 2 2
2 2 2 2
2 2 2 2
2 2 2 2
2 2 2 2
2 2 9 0
2 2 2 2
2 2 1 2
2 2 2 2
2 2 2 2
2 2 2 2
2 2 4 7
2 2 2 2
2 2 2 2
2 2 2 2
0 2 1 7
0 0 0 0
2 2 2 2
2 2 9 0
0 2 2 2
2 2 2 2
2 2 8 0
2 2 2 2
2 2 2 2
2 2 2 2
2 2 2 2
2 2 2 2
7 1 5 2
2 2 2 2
2 2 2 2
3 5 0 0
2 2 2 2
2 2 4 5
2 2 2 2
2 2 2 2
2 2 2 2
2 2 2 2
2 2 4 2
2 2 2 2
2 2 2 2
2 2 2 2
2 2 2 2
2 2 2 2
2 2 2 2
2 2 2 2
2 2 2 2
2 2 2 2
0 2 2 2
0 0 0 2
2 2 2 2
2 2 2 9
2 2 2 2
2 2 2 2
2 2 2 2
2 2 2 2
2 2 2 2
2 2 2 2
2 2 2 2
2 2 2 2
2 2 3 2
2 2 2 2
2 2 2 2
2 2 2 2
2 2 2 2
2 2 2 2
2 2 2 2
2 2 2 2
2 2 2 2
2 2 1 2
2 2 2 2
2 2 2 2
2 2 2 2
2 2 2 2
0 2 2 2
0 0 0 0
2 2 4 2
2 2 2 2
8 4 0 4
2 2 2 2
2 2 2 2
2 2 2 2
2 2 2 2
2 2 2 2
2 2 2 2
2 2 2 2
0 2 2 2
2 2 2 2
2 2 2 2
2 2 2 2
2 2 2 2
2 2 2 2
2 2 1 2
2 2 2 2
2 2 2 2
2 2 2 2
2 2 2 2
2 2 2 2
2 2 2 2
2 2 4 2
2 2 2 2
2 2 2 2
2 2 2 2
2 2 5 2
2 2 2 2
2 2 2 2
2 2 2 1
2 2 2 2
2 2 2 2
2 2 2 2
2 2 2 2
2 2 2 2
2 2 2 2
2 2 2 2
2 2 2 2
2 2 2 2
2 2 9 2
2 2 2 2
2 2 2 2
2 2 2 2
2 2 2 2
2 2 3 0
2 2 2 2
2 2 2 2
5 0 0 0
2 2 2 2
2 2 2 2
2 2 2 2
2 2 2 2
2 2 1 2
0 2 2 2
2 2 2 2
2 2 2 2
0 2 2 2
2 2 5 0
2 2 2 2
2 2 2 2
2 2 2 2
2 2 2 2
2 2 2 2
2 2 2 2
2 2 2 2
2 2 2 2
2 2 3 2
2 2 2 2
2 2 2 2
2 2 2 2
2 2 2 2
2 2 2 2
2 2 2 2
2 2 2 2
2 2 2 2
3 0 0 5
2 2 2 2
2 2 2 2
2 2 2 2
2 2 2 2
2 2 2 2
2 2 2 2
2 2 1 2
2 2 2 2
2 2 2 2
2 2 2 2
2 2 2 2
2 2 2 2
4 2 2 2
4 0 2 2
2 2 5 0
2 2 2 2
2 2 2 2
2 2 2 2
2 2 2 2
2 2 2 3
2 2 2 2
2 2 2 2
2 2 2 2
2 2 2 2
2 2 2 2
2 2 2 2
2 2 2 2
2 2 2 2
2 2 2 8
2 2 2 2
2 2 2 2
5 0 0 0
3 0 0 2
2 2 2 2
2 2 2 2
2 2 2 2
2 2 2 2
2 2 2 2
0 2 2 2
2 2 2 2
2 2 2 2
2 2 2 2
2 2 2 2
2 2 2 2
2 2 2 2
2 2 2 2
0 8 4 0
2 2 2 2
0 2 2 2
2 2 2 2
2 2 2 2
2 2 2 2
2 2 2 2
2 2 2 2
0 0 0 2
2 2 2 2
2 2 2 2
2 2 2 2
2 2 2 2
2 2 2 2
2 2 2 2
2 2 2 2
0 2 2 2
2 2 2 1
2 2 2 2
2 2 2 2
2 2 2 2
2 2 2 2
2 2 2 2
2 2 2 2
2 2 2 2
8 4 0 2
2 2 2 2
2 2 2 2
2 2 2 2
2 2 2 2
2 2 2 2
2 2 2 2
2 2 2 2
0 2 2 2
2 2 2 2
2 2 2 2
2 2 2 2
2 2 2 2
2 2 2 2
2 2 1 2
3 0 2 2
0 2 2 2
2 2 2 2
2 2 2 2
5 0 0 0
2 2 2 2
2 2 2 2
2 2 2 2
2 2 2 2
2 2 2 2
2 2 2 2
0 0 2 2
2 2 2 2
2 2 2 2
2 2 1 2
2 2 2 2
2 2 2 3
0 2 2 2
2 2 2 2
2 2 2 2
2 2 2 2
2 2 2 2
2 2 2 2
2 2 2 2
2 2 2 2
2 2 2 2
2 2 2 2
2 2 2 2
2 2 2 2
2 2 2 2
2 2 2 2
2 2 2 2
2 2 2 2
2 2 2 2
2 2 2 2
2 2 2 2
2 2 2 2
2 2 4 2
2 2 2 2
2 2 2 2
2 2 2 1
2 2 2 2
2 2 2 2
2 2 2 2
2 2 2 2
2 2 2 2
2 2 2 2
2 2 2 2
2 2 2 2
2 2 2 2
2 2 2 2
4 0 3 5
2 2 2 2
2 2 2 2
2 2 2 2
2 1 7 2
2 2 2 2
2 2 2 2
2 2 2 2
2 2 2 2
0 2 2 2
2 2 2 2
2 2 2 2
2 2 2 2
2 2 2 2
2 2 2 4
2 2 2 2
2 2 2 2
2 2 2 2
2 2 2 2
2 2 4 7
2 2 2 2
2 2 2 2
2 2 2 2
2 2 2 2
2 2 2 2
2 2 2 2
2 2 2 2
2 2 2 2
2 2 2 2
2 2 2 2
2 2 2 2
2 2 2 2
2 2 2 2
2 2 2 2
2 2 2 2
2 2 2 2
2 2 2 2
2 2 2 2
2 2 1 2
2 2 2 2
2 2 2 2
2 2 2 2
2 2 2 2
2 2 3 0
2 2 2 2
2 2 2 2
2 2 2 2
2 2 2 2
2 2 2 2
2 2 2 2
2 2 2 2
2 2 2 2
2 2 2 2
0 2 2 2
2 2 1 2
2 2 2 2
2 2 7 5
0 2 2 2
2 2 2 2
2 2 2 2
5 0 0 0
2 2 2 2
0 0 0 0
2 2 1 2
2 2 2 2
0 0 0 0
2 2 2 2
4 0 0 0
2 2 2 2
2 2 2 2
2 2 2 2
3 8 0 4
2 2 2 2
2 2 2 2
2 2 2 2
2 2 7 4
0 2 2 2
2 2 2 2
2 2 2 2
0 0 2 2
2 2 2 2
2 2 2 2
2 2 2 2
2 2 2 2
2 2 2 2
2 2 2 2
2 2 2 2
2 2 2 2
2 2 4 2
4 0 2 2
2 2 2 2
2 2 7 3
2 2 2 2
2 2 2 2
2 2 2 2
2 2 2 2
2 2 2 2
2 2 1 2
2 2 2 2
2 2 2 2
2 2 2 2
2 2 2 2
2 2 2 2
2 2 2 2
2 2 2 2
2 2 2 2
2 2 2 2
2 2 2 5
2 2 2 2
8 4 0 8
2 2 2 2
2 2 2 2
2 2 2 2
2 2 2 2
2 2 2 2
2 2 2 2
2 2 2 2
2 2 2 2
2 2 2 2
0 2 2 2
2 2 2 2
2 2 2 2
2 2 2 2
2 2 2 2
2 2 2 2
2 2 2 2
2 2 2 2
2 2 7 9
2 2 2 2
2 2 2 2
2 2 2 2
2 2 2 2
2 2 2 2
2 2 2 2
2 2 2 2
2 2 2 2
2 2 2 2
0 5 0 6
0 2 2 2
4 4 0 0
2 2 2 2
2 2 2 2
3 9 0 0
2 2 2 2
2 2 2 2
2 2 2 2
2 2 2 2
2 2 2 2
2 2 2 2
2 2 2 2
0 0 0 0
2 2 2 2
2 2 2 2
2 2 2 2
2 2 2 2
2 2 2 2
2 2 2 2
2 2 2 2
2 2 2 2
2 2 2 2
2 2 2 2
0 2 2 2
2 2 2 2
2 2 2 2
2 2 2 2
2 2 2 2
2 2 2 3
0 0 0 2
2 2 2 2
2 2 2 2
2 2 2 2
2 2 2 2
2 2 2 2
2 2 2 2
0 0 0 0
2 2 2 2
2 2 2 2
2 2 2 2
2 2 2 2
2 2 2 2
2 2 2 2
2 2 2 2
2 2 2 2
2 1 2 2
2 2 2 2
2 2 2 2
2 2 2 2
2 2 2 2
2 2 2 2
2 2 2 2
0 0 0 0
2 2 2 2
0 2 2 2
2 2 2 2
2 2 2 2
2 2 2 2
2 2 2 2
0 0 0 0
2 2 2 2
2 2 2 2
2 2 2 2
2 1 2 2
2 2 2 2
2 2 2 2
2 5 0 0
0 2 2 2
2 2 2 2
0 2 2 2
2 2 1 2
2 2 2 2
2 2 2 2
2 2 2 2
2 2 9 0
2 2 2 2
2 2 2 2
2 2 9 0
2 2 2 2
2 2 7 2
2 2 2 2
2 2 2 2
2 2 2 2
2 2 2 2
2 2 2 2
2 2 2 2
2 2 2 2
2 2 2 2
2 2 2 2
2 2 2 2
2 2 2 2
0 2 2 2
2 2 2 2
2 2 2 2
2 2 2 2
2 2 2 2
2 2 2 2
2 2 2 2
2 2 2 2
2 2 8 7
2 2 2 2
2 2 3 0
0 2 2 2
2 2 2 2
2 2 2 2
2 2 2 2
2 2 2 2
2 2 2 2
2 2 2 2
2 2 2 2
2 2 2 2
4 0 0 0
2 2 2 2
2 2 2 2
2 2 2 2
2 2 2 2
2 2 2 2
2 2 2 2
5 1 2 6
7 3 7 0
2 2 2 2
2 2 2 2
2 2 2 2
2 2 2 2
2 2 2 2
2 2 2 2
2 2 2 2
2 2 2 2
2 2 2 2
2 2 2 2
2 2 2 2
2 2 2 2
2 2 2 2
2 2 2 2
2 2 2 2
2 2 2 2
2 2 2 2
2 2 2 2
2 2 2 2
2 2 2 2
2 2 2 2
2 2 2 2
2 2 2 2
2 2 2 2
0 0 0 0
2 2 2 2
2 2 2 2
2 2 3 0
2 2 2 2
2 2 2 2
2 2 2 2
2 2 3 2
2 2 2 2
2 2 2 2
2 2 2 2
2 2 2 2
2 2 2 2
4 2 2 2
2 2 2 2
2 2 2 2
2 2 2 2
2 2 2 2
2 2 2 2
2 2 4 2
2 2 2 2
2 2 2 2
2 2 2 2
2 2 2 2
2 2 2 2
2 2 2 2
2 2 2 2
2 2 2 2
0 5 0 6
2 2 2 2
0 0 0 6
2 2 2 2
0 0 0 0
2 2 1 2
2 2 2 2
0 2 2 2
2 2 2 2
2 2 2 2
2 2 2 2
2 2 2 2
2 2 2 2
2 2 3 2
2 2 2 2
2 2 2 2
2 2 2 2
0 2 2 2
2 2 2 2
2 2 2 2
2 2 2 2
2 2 2 2
2 2 2 2
2 2 2 2
2 2 2 2
2 2 2 2
2 2 2 2
2 2 2 2
2 2 2 2
2 2 2 2
0 0 0 0
2 2 2 2
2 2 2 2
2 2 2 2
0 0 0 2
2 2 2 2
2 2 2 2
2 2 2 2
2 2 2 2
2 2 2 2
2 2 2 2
2 2 2 2
2 2 1 2
2 2 2 2
2 2 2 2
2 2 2 2
2 2 2 2
2 2 2 2
2 2 2 2
2 2 2 4
2 1 2 2
2 2 2 2
0 0 0 0
2 2 2 2
0 2 2 2
2 2 2 2
2 2 2 2
2 2 3 0
2 2 2 2
2 2 2 2
2 2 2 2
2 2 2 2
2 2 2 2
2 2 2 2
2 2 2 2
2 2 2 5
0 0 4 0
4 0 3 0
2 2 2 2
2 2 2 2
2 2 2 2
2 2 2 2
2 2 2 2
2 2 2 2
2 2 2 2
2 2 4 5
2 2 2 2
2 2 2 2
2 2 2 2
2 2 2 2
2 2 2 2
2 2 2 2
2 2 2 2
2 2 2 2
2 2 2 2
2 2 2 2
2 2 2 2
2 2 2 2
2 2 2 2
2 2 7 2
3 8 0 4
2 2 2 2
2 2 2 2
2 2 2 2
2 2 2 2
2 2 2 2
8 4 0 7
2 2 2 2
2 2 2 2
2 2 2 2
2 2 2 2
2 2 2 2
0 2 2 2
2 2 2 2
4 0 3 7
2 2 5 0
2 2 2 2
2 2 2 2
3 0 2 2
2 2 2 2
2 2 8 2
2 2 2 2
0 2 2 2
2 2 2 2
2 2 2 2
0 0 0 0
2 2 2 2
2 2 2 2
2 2 2 2
2 2 2 2
2 2 2 2
2 2 9 2
2 2 2 2
2 2 1 5
0 0 0 2
2 2 2 2
2 2 2 2
2 2 2 2
2 2 2 2
2 2 2 2
0 2 2 2
2 2 2 2
2 2 1 2
2 2 2 2
2 2 2 2
2 2 2 2
2 2 2 2
2 2 2 2
2 2 2 2
2 2 2 2
2 2 2 2
2 2 2 2
2 2 2 2
2 2 3 2
2 2 2 2
2 2 2 2
2 2 2 2
2 2 2 2
2 2 2 2
2 2 2 2
2 2 2 2
2 2 2 2
2 2 2 2
2 2 2 2
2 2 2 2
0 2 2 2
2 2 2 2
2 2 2 2
2 2 2 2
2 2 2 2
2 2 2 2
2 2 2 2
2 2 2 7
2 2 2 2
2 2 2 2
2 2 9 0
2 2 2 2
2 2 2 2
2 2 2 2
2 2 2 2
2 2 2 2
2 2 2 2
2 2 2 2
8 0 2 2
2 2 2 2
2 2 2 2
2 2 2 2
2 2 2 2
2 5 0 0
2 2 2 2
2 2 2 2
2 2 2 2
2 2 2 2
2 2 2 2
2 2 2 2
2 2 2 2
2 2 2 2
2 2 1 2
0 2 2 2
2 2 2 2
2 2 2 2
2 2 2 2
5 0 0 0
2 2 2 2
2 2 2 2
2 2 2 2
2 2 2 2
2 2 2 2
2 2 2 2
2 2 2 2
2 2 2 2
2 2 2 2
2 2 2 2
2 2 2 2
2 2 4 2
2 2 2 2
2 2 2 2
2 2 2 2
2 2 2 2
2 2 2 2
2 2 2 2
2 2 9 0
2 2 2 2
2 2 2 2
2 2 2 2
2 2 2 2
2 2 2 2
2 2 2 2
2 2 4 2
2 2 2 2
2 2 2 2
2 2 2 2
0 2 2 2
5 0 2 7
0 0 0 0
2 2 2 2
2 2 2 2
2 2 2 2
4 0 3 0
2 2 2 2
2 2 2 2
2 2 2 2
2 2 2 2
2 2 2 2
2 2 2 2
2 2 2 2
2 2 2 2
2 2 2 2
2 2 4 2
2 2 2 2
2 2 2 2
3 2 2 2
2 2 2 2
2 2 2 1
2 2 2 2
2 2 2 2
2 2 2 2
2 2 2 2
2 2 2 2
2 2 2 2
2 2 2 2
2 2 2 2
2 2 2 2
2 2 2 2
2 2 2 2
3 4 0 3
0 0 0 0
2 2 2 2
2 2 2 2
2 2 2 2
8 5 0 0
2 2 2 2
2 2 2 2
2 2 2 2
2 2 2 2
2 2 3 2
2 2 2 2
2 2 2 2
2 2 2 2
2 2 2 2
2 2 2 2
2 2 2 2
0 0 0 0
2 2 2 2
2 2 2 2
2 2 2 2
2 2 2 2
2 2 2 2
2 2 2 2
2 2 2 2
5 0 2 0
2 2 2 2
2 2 2 2
2 2 2 2
0 2 2 2
0 2 2 2
0 0 0 0
2 2 2 2
2 2 2 2
0 2 2 2
2 2 2 2
2 2 2 2
2 2 2 2
2 2 2 2
2 2 2 1
2 2 2 2
2 2 2 2
2 8 2 5
2 2 4 2
0 2 2 2
2 2 2 2
2 2 2 2
2 2 2 2
2 2 3 7
2 2 2 2
2 2 2 2
2 2 2 2
2 2 2 2
2 2 2 2
2 2 2 2
2 2 2 2
2 2 2 2
2 2 2 2
2 2 2 2
2 2 2 2
2 2 2 2
2 2 2 2
2 2 2 2
2 2 2 2
0 2 2 2
2 2 2 2
2 2 2 2
2 2 2 2
2 2 2 2
2 2 2 2
0 0 0 0
5 0 0 0
3 3 7 9
5 0 0 2
2 2 2 2
2 2 2 2
2 2 2 2
2 2 2 2
2 2 1 2
0 0 0 0
2 2 2 2
2 2 2 2
2 2 2 2
2 2 2 2
2 2 2 1
2 2 2 2
4 0 2 2
0 3 6 4
2 2 2 2
2 2 2 2
3 0 0 2
2 2 2 2
1 2 2 2
2 2 2 2
2 2 2 2
3 6 0 2
2 2 2 2
2 2 2 2
2 2 2 2
5 0 0 0
2 2 2 2
2 2 3 0
2 2 2 2
2 2 2 2
0 2 2 2
2 2 2 2
2 2 2 2
2 2 2 2
2 2 2 2
2 2 2 2
2 2 2 3
0 2 2 2
2 2 2 2
2 2 2 2
2 2 2 2
2 2 2 2
2 2 2 2
5 4 0 0
2 2 2 2
2 2 2 2
2 2 2 2
2 2 2 2
2 2 2 2
5 0 0 0
2 2 2 2
2 2 2 2
2 2 2 2
2 2 2 2
2 2 2 2
2 2 2 2
2 2 2 2
2 2 2 2
2 2 2 2
2 2 5 0
2 2 2 2
0 0 0 0
2 2 2 2
2 2 2 2
2 2 2 2
2 2 2 2
2 2 2 2
2 2 2 2
2 2 2 2
3 0 2 2
2 2 2 2
2 2 2 2
2 2 3 0
2 2 2 2
2 2 2 2
2 2 2 2
2 2 1 2
2 2 2 2
2 2 2 2
2 2 1 2
2 2 2 2
2 2 2 2
2 2 2 2
2 2 2 2
2 2 2 2
2 2 2 2
0 2 2 2
2 2 2 2
2 2 2 2
2 2 2 8
2 2 2 2
2 2 2 2
2 2 2 2
2 2 2 2
2 2 2 2
2 2 2 2
2 2 2 2
2 2 2 2
2 2 2 2
7 0 0 2
0 2 2 2
2 2 2 2
2 2 2 2
2 2 2 2
8 2 5 2
2 2 2 2
2 2 2 2
2 2 2 2
2 2 2 2
2 2 2 2
8 2 2 2
2 2 2 2
2 2 2 2
2 2 2 2
2 2 2 2
2 2 2 2
2 2 2 2
2 2 2 2
2 2 2 7
2 2 2 1
2 2 2 2
2 2 2 2
2 2 2 2
2 2 2 2
2 2 0 7
2 2 2 2
2 2 2 2
2 2 2 2
2 2 7 2
2 1 2 2
2 2 2 2
2 2 2 2
2 2 2 2
2 2 2 2
2 2 2 2
2 2 2 2
2 2 2 2
2 2 2 2
2 2 2 2
2 2 2 2
2 2 2 1
2 2 2 2
2 2 2 2
2 2 5 0
2 2 2 2
2 2 1 2
0 2 2 2
4 0 2 2
2 2 2 2
2 2 2 2
2 2 2 2
2 2 2 2
2 2 2 2
0 2 2 2
2 1 8 7
1 2 2 2
2 2 2 2
2 2 4 5
2 2 2 2
2 2 2 2
2 2 2 2
2 2 2 2
2 2 2 2
2 2 2 2
2 2 2 2
2 2 2 2
0 0 2 2
0 2 2 2
2 2 2 2
2 2 4 2
2 2 2 2
2 2 2 2
2 2 2 2
2 2 2 2
2 2 2 1
2 2 2 2
2 2 2 2
2 2 2 2
2 2 2 2
2 2 2 3
2 2 2 2
0 0 0 0
2 2 1 2
2 2 2 2
0 2 2 2
2 2 2 2
2 2 2 2
2 2 2 2
2 2 2 2
2 2 2 2
2 2 2 2
2 2 2 2
8 4 0 4
2 2 2 1
2 2 2 2
2 2 1 2
2 2 2 2
2 2 2 2
2 2 2 2
2 2 2 2
2 2 2 2
2 2 2 2
8 4 0 0
2 2 3 7
2 2 2 2
2 2 2 2
2 2 2 2
2 2 2 2
2 2 2 2
2 2 2 2
2 2 2 2
6 4 2 2
2 2 2 2
2 2 2 2
2 2 2 2
2 2 2 2
0 2 2 2
2 2 2 2
2 2 2 2
2 2 2 2
0 2 2 2
2 2 2 2
0 2 2 2
2 2 2 2
2 2 2 2
2 2 2 2
2 2 2 2
7 3 0 0
7 9 2 2
2 2 2 2
0 2 2 2
2 2 2 2
2 2 2 2
2 2 2 2
2 2 2 2
2 2 2 2
2 2 2 2
2 2 2 2
2 2 2 2
3 2 2 2
2 2 2 2
2 2 2 2
2 2 2 2
2 2 2 2
2 2 2 2
2 2 2 2
2 2 2 2
2 2 2 2
2 2 2 2
2 2 2 2
2 2 2 2
2 2 2 2
2 2 2 2
2 2 2 2
2 2 2 2
2 2 2 2
0 2 2 2
2 1 7 5
2 2 2 2
2 2 2 2
2 2 2 2
2 2 2 2
2 2 2 2
2 2 2 2
2 2 2 2
2 2 2 2
0 4 2 2
2 2 2 2
2 2 2 2
3 9 3 2
2 2 2 2
2 2 9 3
0 0 0 0
2 2 2 2
2 2 2 2
2 2 2 2
2 2 2 2
2 2 2 2
2 2 2 2
0 2 2 2
2 2 2 2
2 2 2 2
2 2 2 2
2 1 2 2
2 2 2 2
2 2 2 2
2 2 2 2
2 2 2 2
2 2 2 2
2 2 2 2
2 2 2 2
2 2 2 2
2 2 2 2
2 2 2 2
2 2 2 2
2 2 2 2
2 2 2 2
2 2 2 2
2 1 2 2
2 2 2 1
2 2 2 2
2 2 2 2
2 2 2 2
2 2 2 2
2 2 2 2
2 2 2 2
2 2 2 2
2 2 2 2
2 2 2 2
2 2 9 2
2 2 2 2
2 2 2 2
2 2 2 1
2 2 2 2
2 2 2 2
2 2 2 2
2 2 2 2
0 2 2 2
0 2 2 2
2 2 2 2
2 2 2 2
2 2 2 2
5 0 3 4
2 2 2 2
2 2 2 2
2 2 2 2
2 2 2 2
2 2 2 2
2 2 2 2
2 2 2 2
2 2 2 2
2 2 2 2
2 2 2 2
2 8 2 2
2 2 2 2
2 2 2 2
2 2 2 2
2 2 2 2
2 2 2 2
0 0 0 0
2 2 2 2
2 2 2 2
2 2 2 2
2 2 1 2
2 2 2 2
2 2 2 2
2 2 2 2
0 2 2 2
2 2 2 2
2 2 2 2
5 0 4 0
2 2 2 2
2 2 2 2
2 2 2 2
2 2 2 2
2 2 2 2
2 2 2 2
2 2 2 2
0 0 0 0
2 2 2 2
2 2 2 2
2 2 2 2
2 2 2 2
2 2 2 2
2 2 2 2
2 2 2 2
2 2 3 5
2 2 2 2
2 2 2 2
2 2 2 1
2 2 2 2
5 0 0 2
2 2 2 2
2 2 2 2
2 2 2 2
2 2 2 2
2 2 2 2
2 2 2 2
2 2 2 2
2 2 2 2
2 2 2 2
2 2 2 2
2 2 2 1
2 2 2 2
2 2 2 2
2 2 2 2
2 2 2 2
2 2 8 4
2 2 2 2
2 2 2 2
2 2 2 2
2 2 2 2
2 2 2 2
0 2 2 2
2 2 0 2
0 2 2 2
2 2 2 2
2 2 2 2
2 2 2 2
2 2 2 2
2 2 2 2
2 2 2 2
2 2 2 2
2 2 2 2
0 2 2 2
2 2 2 2
2 2 2 2
1 2 2 2
2 2 2 2
0 2 2 2
2 2 2 2
0 0 0 0
2 2 2 2
2 2 3 8
2 2 2 2
2 2 2 2
2 2 2 2
2 2 1 2
2 2 2 2
2 2 2 2
2 2 2 2
2 2 2 2
2 2 2 2
2 2 2 2
0 2 2 3
2 2 3 5
0 2 2 2
2 2 2 2
2 2 2 2
2 2 2 2
0 2 2 2
2 2 2 2
8 4 0 4
2 2 2 2
2 2 2 2
2 2 2 2
3 7 0 0
0 2 2 2
2 2 2 2
2 2 2 2
2 2 2 2
2 2 2 2
2 2 2 2
2 2 2 2
2 2 2 2
2 2 2 2
2 2 2 1
2 2 2 2
2 2 2 2
2 2 2 2
2 2 2 2
2 2 2 2
0 2 2 2
2 2 2 2
2 2 2 2
2 2 2 2
2 2 2 1
2 2 2 2
2 2 2 2
2 2 2 2
0 2 2 2
2 2 2 2
2 2 2 2
2 2 2 2
5 0 6 4
2 2 2 2
2 2 2 2
2 2 2 2
2 2 2 2
2 2 2 2
2 2 4 2
2 2 2 2
2 2 2 2
2 2 5 0
2 2 2 2
0 2 2 2
2 2 1 2
2 2 4 2
2 2 1 2
2 2 2 2
2 2 2 2
2 2 2 2
2 2 2 2
2 2 2 2
2 2 2 2
2 2 1 2
2 2 2 2
2 2 2 2
4 0 2 2
2 2 5 0
2 2 2 2
2 2 2 2
2 2 2 2
2 2 2 2
2 2 2 2
2 2 2 2
2 2 3 2
2 2 2 2
2 2 2 2
2 2 2 2
2 2 4 2
2 2 0 5
2 2 2 2
0 2 2 2
2 2 2 2
2 2 2 2
8 3 7 6
2 2 2 2
2 2 2 2
2 2 2 2
2 2 2 2
2 2 2 2
2 2 2 2
2 2 2 2
4 0 3 8
2 2 2 2
2 2 2 2
2 2 2 2
2 2 2 2
2 2 2 2
2 2 2 2
0 0 2 2
2 2 2 2
2 2 2 5
2 2 2 2
2 2 2 2
5 0 0 0
2 2 2 2
2 2 2 2
2 2 2 2
2 2 2 2
2 2 2 2
2 2 2 2
2 2 2 2
2 2 2 2
2 2 2 2
2 2 2 2
2 2 2 2
2 2 2 2
0 0 0 0
2 2 1 2
2 2 2 2
2 2 2 2
2 2 2 2
2 2 2 2
2 2 2 2
0 0 0 0
0 0 0 0
2 2 2 2
2 2 2 2
5 0 0 0
2 2 2 2
2 2 2 2
2 2 2 2
0 2 2 2
2 2 2 2
2 2 2 2
2 2 2 3
2 2 3 5
2 2 2 2
2 2 2 2
5 0 0 0
2 2 2 2
0 0 0 0
2 2 2 2
2 2 2 2
2 2 2 2
2 2 2 2
2 2 2 2
0 0 2 2
2 2 2 2
2 2 2 2
2 2 2 2
2 2 2 2
2 2 2 2
2 2 1 2
2 2 2 1
2 2 2 2
2 2 2 2
0 2 2 2
2 2 2 2
2 2 2 1
2 2 2 2
2 2 2 2
2 2 2 2
2 2 2 2
2 2 2 2
2 2 2 2
2 2 2 1
2 2 2 2
0 0 2 2
2 2 9 0
2 2 2 2
2 2 2 2
2 2 2 2
2 2 2 2
2 2 7 2
2 2 2 2
0 2 2 5
2 2 2 2
0 2 2 2
0 0 2 2
2 2 2 2
2 2 2 2
2 2 2 2
2 2 2 6
2 2 2 2
2 2 2 2
2 2 2 2
2 2 2 2
2 2 8 2
0 0 0 5
2 2 2 2
2 2 2 2
2 2 2 2
0 0 0 0
2 2 2 2
0 0 5 0
2 2 2 2
2 2 2 2
0 2 2 8
2 2 2 2
2 2 3 0
2 8 7 9
2 2 2 2
2 2 2 2
2 2 2 2
0 0 0 2
2 2 2 2
2 2 2 2
2 2 2 2
0 2 2 2
2 2 2 2
2 2 1 5
3 0 2 2
2 2 2 2
2 2 2 2
2 2 2 2
2 2 2 2
2 2 2 2
0 0 0 0
2 2 2 2
2 2 2 2
2 2 2 2
2 2 2 2
2 2 2 2
5 0 0 0
2 2 2 2
2 2 2 2
2 2 2 2
2 2 2 2
2 2 2 2
2 2 2 2
2 8 2 9
2 2 4 2
2 2 9 2
2 2 2 2
2 2 5 0
2 2 2 2
2 2 2 2
2 2 2 2
2 2 2 2
2 2 2 2
2 2 2 2
2 2 2 2
2 2 2 2
2 2 9 0
2 2 2 2
2 2 2 2
2 2 2 2
0 0 0 0
2 2 2 2
0 0 2 2
2 2 2 2
0 2 2 2
0 2 2 2
2 2 2 2
2 2 2 2
2 2 3 5
2 2 2 2
2 2 2 2
2 2 2 2
4 2 2 2
2 2 2 2
0 2 2 2
2 2 2 2
2 2 2 2
2 2 2 2
2 2 2 2
2 2 2 1
2 2 2 2
2 2 2 2
0 0 0 0
0 0 0 0
2 2 2 2
0 0 0 0
2 2 2 2
0 2 2 2
2 2 2 2
0 2 2 2
2 2 2 2
2 2 2 2
2 2 2 2
2 2 2 2
0 0 4 0
2 2 2 2
2 2 2 2
2 2 2 2
2 2 2 2
2 2 2 2
4 0 3 7
2 2 2 2
0 2 2 2
2 2 2 2
2 2 0 5
2 2 2 2
2 2 2 2
2 2 2 2
2 2 2 2
2 2 2 2
2 2 2 2
2 2 2 2
2 2 2 2
2 2 2 2
8 5 0 0
0 2 2 2
2 2 2 2
2 2 2 2
2 2 2 1
2 2 7 2
2 2 4 5
2 2 2 2
2 2 2 2
0 2 2 2
2 2 2 2
2 2 2 2
2 2 2 2
2 2 2 2
2 2 5 0
4 0 3 0
0 2 2 2
2 2 2 2
7 3 0 0
0 4 0 0
2 2 1 2
0 2 2 2
2 2 2 2
2 2 2 2
2 2 2 2
2 2 2 2
2 2 2 2
2 2 2 2
2 2 2 2
2 2 2 2
2 2 2 2
2 2 2 2
2 2 2 2
2 2 2 2
2 2 9 5
2 2 2 8
0 2 2 2
0 0 0 0
2 2 5 2
2 2 4 2
2 2 2 2
2 2 2 2
2 2 4 2
2 2 2 1
2 2 2 2
8 0 7 3
2 2 2 2
2 2 2 2
2 2 2 2
2 2 2 2
2 2 2 2
2 2 2 2
2 2 2 2
4 0 2 2
2 2 1 2
2 2 2 2
2 2 2 2
2 2 2 2
2 2 2 2
2 2 2 2
2 2 2 2
2 2 2 2
2 2 2 2
2 2 2 2
0 2 2 2
2 2 2 2
2 2 2 2
2 2 2 2
2 2 2 2
2 2 2 2
2 2 2 2
2 2 2 2
2 2 2 2
5 0 0 0
2 2 1 2
2 2 2 2
2 2 2 2
2 2 2 2
2 2 2 2
4 0 3 2
2 2 2 2
2 2 2 2
5 0 0 0
2 2 2 2
2 2 2 2
2 2 2 2
2 2 2 2
2 2 2 2
2 2 2 2
2 2 2 2
2 2 2 2
2 2 2 2
2 2 2 2
2 2 2 2
2 8 2 5
2 2 2 1
7 3 0 2
2 2 2 2
0 2 2 2
2 2 2 2
2 2 2 2
3 5 0 3
2 2 2 2
2 2 2 2
2 2 2 2
2 2 2 2
2 2 2 2
2 2 2 2
2 2 2 2
2 2 2 8
2 2 2 2
2 2 2 2
2 2 2 2
2 2 2 2
2 2 2 2
2 2 1 2
2 2 2 2
2 2 2 2
8 9 0 2
2 2 2 2
2 2 2 2
2 2 2 2
2 2 2 2
2 2 2 2
0 2 2 2
2 2 2 2
8 8 4 7
2 2 3 0
2 2 2 2
2 2 2 2
2 2 2 2
2 2 2 2
2 2 2 2
2 2 2 2
2 2 3 2
2 2 2 2
2 2 2 2
2 2 2 2
3 0 3 7
2 2 2 2
2 2 2 2
0 2 2 2
2 2 2 2
2 2 2 2
1 2 2 5
5 0 0 0
2 2 2 2
2 2 2 2
2 2 7 2
2 2 2 2
2 2 2 2
2 2 2 2
2 2 2 2
0 0 0 0
2 2 2 2
2 2 2 2
2 2 2 2
4 0 0 0
2 2 2 2
2 2 2 1
2 2 2 2
2 2 2 2
2 2 3 0
2 2 2 2
2 2 2 2
0 2 2 2
2 2 2 2
2 2 2 2
2 2 2 2
2 2 3 2
2 2 2 2
2 2 2 2
2 2 2 2
2 2 2 2
2 2 2 2
2 2 2 2
2 2 2 2
2 2 2 2
2 2 2 2
2 2 2 2
2 2 2 2
0 0 0 0
2 2 2 2
0 0 0 0
2 2 2 2
2 2 2 2
2 2 3 0
2 2 2 2
2 2 2 2
2 2 2 2
2 2 2 2
2 2 2 2
0 2 2 2
2 2 2 2
0 2 2 2
2 2 2 2
2 2 2 2
2 2 9 0
2 2 2 2
2 2 2 2
2 2 2 2
2 2 2 2
2 2 2 2
2 2 2 2
0 2 2 2
2 2 2 2
2 2 2 2
2 2 2 2
5 0 0 0
2 2 2 2
2 2 2 2
2 2 4 5
0 4 0 9
2 2 2 1
2 2 2 2
5 0 0 0
2 2 3 0
2 2 2 2
2 2 2 2
2 2 3 0
0 2 2 2
2 2 2 2
2 2 2 2
2 2 1 2
2 2 2 2
2 2 2 2
2 2 1 2
2 2 2 2
2 2 2 2
4 0 3 0
2 2 5 0
2 2 2 2
2 2 2 2
2 2 2 2
2 2 2 2
2 2 2 2
2 2 2 2
2 2 2 2
2 2 2 2
2 2 1 2
2 2 4 2
2 2 2 9
2 2 2 2
2 2 2 2
2 2 2 2
2 2 2 2
2 2 2 2
2 2 2 2
2 2 2 2
2 2 2 2
0 0 0 0
2 2 2 2
2 2 2 2
2 2 2 2
0 2 2 2
2 2 2 2
2 2 1 2
2 2 2 2
2 2 2 2
2 2 2 2
2 2 2 2
2 2 2 2
2 2 2 2
2 2 2 2
2 2 2 2
2 2 2 2
2 2 2 2
2 2 2 2
2 2 2 2
0 0 0 0
2 2 2 2
2 2 2 2
2 2 2 2
2 2 2 2
2 2 2 2
2 2 2 2
2 2 2 2
2 2 2 2
2 2 2 2
5 0 0 0
2 2 8 2
2 2 2 2
2 2 1 2
2 2 2 9
2 2 2 2
2 2 2 2
2 2 2 2
5 9 3 2
2 2 2 2
2 2 2 2
2 2 2 2
0 2 2 2
2 2 2 2
2 2 2 2
2 2 2 2
2 2 3 7
2 2 2 2
2 2 2 2
2 2 2 2
2 2 2 2
2 2 2 2
3 5 0 2
2 2 2 2
2 2 2 2
2 2 2 2
2 2 2 2
2 2 2 2
2 2 2 2
2 2 2 2
0 2 2 2
2 2 2 2
2 2 2 2
2 2 2 2
2 2 2 2
2 2 2 2
2 2 2 2
2 2 1 2
2 2 2 2
2 2 2 2
2 2 2 2
2 2 2 2
2 2 2 2
2 2 2 2
4 0 2 2
4 2 2 2
2 2 2 2
2 2 2 2
2 2 2 1
2 2 2 2
2 2 2 2
2 2 2 2
5 1 6 6
2 2 2 2
2 2 2 2
2 2 2 2
2 2 2 2
2 2 1 2
2 2 2 2
2 2 2 2
2 2 2 2
2 2 2 2
2 2 2 2
2 2 5 0
2 2 2 2
2 2 2 2
2 2 2 2
2 2 2 3
2 2 2 2
2 2 2 2
2 1 2 2
2 2 2 2
3 0 2 2
2 2 2 2
2 2 2 2
2 2 2 2
2 2 2 2
2 2 2 2
2 2 5 2
2 2 2 2
0 2 2 2
0 2 2 2
2 2 2 2
2 2 2 2
2 2 2 2
2 2 2 2
2 2 2 2
2 2 2 2
2 2 2 2
2 2 2 2
2 2 2 2
2 2 2 2
0 2 2 2
2 2 2 2
2 2 2 2
2 2 1 2
2 2 2 9
2 2 2 2
2 2 2 2
2 2 2 2
2 2 2 2
2 2 2 2
2 2 2 2
0 0 2 2
2 2 8 2
2 2 2 2
2 2 2 2
2 2 2 2
0 2 2 2
0 2 2 2
2 2 2 2
2 2 2 2
2 2 2 2
2 2 2 2
2 2 2 2
2 2 2 2
2 2 2 2
0 2 2 2
2 2 2 2
2 2 2 2
2 2 2 2
2 2 2 2
2 2 2 2
2 2 2 2
2 2 2 2
2 2 2 2
2 2 2 4
0 2 2 0
2 2 2 2
2 2 2 2
2 2 2 2
2 2 2 2
2 2 3 7
2 2 2 2
2 2 2 2
2 2 2 2
2 2 2 2
2 2 2 2
2 2 2 2
2 2 2 2
2 2 2 2
2 2 4 2
2 2 2 2
2 2 1 2
0 0 0 0
2 2 2 2
2 2 2 2
2 2 2 2
2 2 2 2
2 2 1 4
2 2 2 2
2 2 2 1
2 2 2 2
2 2 2 2
2 2 2 2
2 2 2 2
2 2 2 2
2 2 2 2
2 2 2 2
2 1 2 2
2 2 2 2
2 2 2 9
0 0 0 0
2 2 2 2
2 2 2 2
2 2 2 2
2 2 2 2
0 2 2 2
2 2 2 2
2 2 2 2
2 2 2 2
2 2 2 2
2 2 2 2
2 2 2 2
2 2 2 2
2 2 2 2
2 2 2 2
2 2 2 2
2 2 2 2
0 0 2 2
2 2 2 2
2 2 2 2
2 2 2 2
2 2 2 2
2 2 2 2
0 0 0 0
2 2 2 2
2 2 2 2
2 2 2 2
2 2 2 2
2 2 2 2
2 2 2 2
2 2 2 2
2 2 2 2
2 2 2 2
2 2 2 2
0 2 2 2
2 2 2 2
2 2 2 2
2 2 2 2
2 2 2 2
2 2 2 2
2 2 2 2
2 2 2 2
2 2 2 2
2 2 2 2
2 2 2 2
2 2 2 2
0 2 2 8
2 2 2 2
2 2 2 2
2 2 2 2
2 2 2 2
2 2 2 2
2 2 2 5
2 2 2 2
2 2 2 2
2 2 2 2
2 2 2 2
2 2 2 2
2 2 2 2
2 2 2 2
2 2 2 2
2 2 2 2
2 2 2 2
0 0 2 2
2 2 2 2
2 2 2 2
0 0 2 2
2 2 2 2
2 2 2 2
2 2 4 2
2 2 2 2
2 2 5 0
2 2 1 2
2 2 2 2
2 2 2 2
2 2 2 2
2 2 4 2
2 2 2 2
2 2 2 2
2 2 2 2
2 2 2 2
2 2 2 2
2 2 2 2
2 2 2 1
2 2 2 2
2 8 2 2
2 2 2 2
2 2 2 2
2 2 2 2
0 2 2 2
2 2 1 2
2 2 2 2
2 2 2 2
2 2 2 2
2 2 2 2
0 2 2 2
2 2 2 2
2 2 9 2
2 2 2 2
2 2 2 5
5 0 0 0
2 2 2 2
2 2 2 2
2 2 2 2
5 0 0 0
2 2 2 2
2 2 2 2
3 0 2 2
2 2 2 2
2 2 2 2
2 4 2 2
0 2 2 2
2 2 2 2
2 2 1 2
2 2 2 2
2 2 2 2
2 2 2 2
2 2 2 2
2 2 5 0
2 2 2 2
2 2 1 2
2 2 2 2
2 2 2 2
2 2 2 2
0 2 2 2
2 2 2 2
2 2 2 2
2 2 2 2
2 2 2 2
2 2 2 2
2 2 2 2
2 2 2 2
2 2 2 2
2 2 2 2
2 2 2 2
0 0 0 0
2 2 2 1
2 2 2 2
2 2 2 2
2 2 2 2
2 2 2 2
2 2 2 2
2 2 2 2
2 2 2 2
2 2 2 2
2 2 2 2
2 2 2 2
2 2 2 2
2 2 2 2
2 2 2 2
0 0 0 0
2 2 2 2
2 2 2 2
2 2 2 2
2 2 2 2
2 2 2 2
2 2 2 2
2 2 2 2
2 2 4 2
2 2 2 2
2 2 2 2
2 2 2 2
2 2 9 0
2 2 2 2
2 2 2 2
2 2 2 2
2 2 2 2
5 0 0 0
2 2 2 2
2 2 2 2
2 2 2 2
2 2 2 2
8 4 0 7
2 2 2 2
2 2 2 2
0 0 0 0
2 2 2 2
2 2 2 2
2 2 2 2
2 2 2 2
0 0 0 0
2 2 2 2
8 4 0 2
2 2 3 2
2 2 2 2
0 2 2 2
2 2 2 2
5 0 2 6
0 0 0 0
8 5 0 0
2 2 2 2
4 0 4 0
2 2 2 2
2 2 2 2
2 2 2 2
0 2 2 2
2 2 2 2
2 2 2 2
2 2 5 0
2 2 2 2
2 2 2 2
2 2 2 2
2 2 9 3
2 2 2 2
2 2 2 2
2 2 2 2
2 2 2 2
2 2 2 2
3 5 0 0
2 2 2 2
2 2 2 2
0 0 2 2
2 2 2 2
2 2 2 2
2 2 2 2
2 2 2 2
2 2 2 2
2 2 2 2
0 2 2 2
2 2 2 2
2 2 2 2
2 2 2 2
2 2 9 0
2 2 2 2
2 2 4 4
2 2 3 5
2 2 2 1
2 2 2 2
2 2 8 2
0 0 2 2
2 2 2 2
2 2 2 2
2 2 2 2
2 2 2 2
2 2 2 2
2 2 2 3
2 2 2 2
2 2 2 2
2 2 2 2
2 2 2 2
2 2 2 2
2 2 2 2
8 4 0 2
2 2 2 2
2 2 2 2
2 2 2 2
0 2 2 2
2 2 2 2
2 2 2 3
2 2 2 2
0 2 2 2
2 2 2 2
2 2 2 2
2 2 2 2
2 2 2 2
2 2 2 2
2 2 2 2
2 2 2 2
2 2 2 2
2 2 2 2
5 0 0 0
2 2 2 2
2 2 2 2
2 2 2 2
2 2 2 2
2 2 2 2
2 2 2 2
2 2 2 2
2 2 8 2
2 2 7 9
8 4 0 4
0 2 2 2
2 2 2 2
2 2 2 2
2 2 2 2
2 2 2 2
2 2 2 2
0 2 2 2
2 2 2 3
2 2 2 2
2 2 2 2
2 2 2 2
2 2 2 2
2 2 2 4
2 2 2 2
2 2 2 2
2 2 3 0
2 2 2 2
2 2 2 2
7 3 7 3
2 2 2 2
2 2 9 8
2 2 2 2
2 2 2 2
2 2 2 2
2 2 2 2
2 2 1 2
2 2 1 2
2 2 2 2
2 2 3 5
2 2 2 2
2 2 2 2
2 2 2 2
2 2 2 2
2 2 2 2
2 2 2 2
2 2 2 1
2 2 2 2
2 2 2 2
2 2 2 2
2 2 2 2
2 2 2 2
2 2 2 2
2 2 2 2
2 2 2 2
2 2 2 2
2 2 2 2
2 2 2 2
2 2 2 2
2 2 2 2
2 2 4 2
2 2 2 2
2 2 2 2
2 2 2 2
2 2 2 2
2 2 2 2
2 2 2 1
2 2 2 2
2 2 2 2
2 2 2 2
2 2 2 2
2 2 2 2
2 2 2 2
0 5 0 0
2 2 2 2
2 2 2 1
2 2 2 2
8 4 0 0
0 2 2 2
2 2 2 2
2 2 1 2
2 2 2 2
2 2 1 2
2 2 2 2
2 2 2 2
2 2 2 1
2 2 2 2
2 2 2 2
5 0 0 0
2 2 1 2
2 2 2 2
2 2 2 2
2 2 2 2
2 2 2 2
2 2 2 2
2 2 2 2
2 2 2 2
2 2 2 2
2 2 2 2
2 2 2 2
2 2 2 2
2 2 2 2
2 2 2 2
2 2 2 2
2 2 2 2
2 2 2 2
2 2 2 2
0 2 2 2
2 2 2 2
2 2 2 2
2 2 2 2
2 2 2 2
2 2 2 2
0 2 0 4
3 0 2 2
2 2 2 2
2 2 2 2
2 2 2 2
2 2 2 2
2 2 2 2
2 2 2 2
2 2 2 2
2 2 2 2
2 2 2 2
2 2 2 2
2 2 9 0
2 2 2 2
2 2 2 2
2 2 2 2
2 2 2 2
2 2 9 0
2 2 2 2
2 2 2 2
2 2 2 2
2 2 2 2
2 2 2 2
2 2 2 2
0 0 4 0
2 2 1 2
2 2 2 2
2 2 2 2
2 2 2 1
2 2 2 2
3 5 0 0
2 2 2 1
2 2 2 2
2 2 2 2
2 2 2 2
2 2 2 2
2 2 2 2
2 2 1 2
2 2 2 2
5 0 0 0
2 2 2 2
0 2 2 2
0 2 2 2
2 2 2 2
2 2 2 2
2 2 2 2
2 2 2 2
2 2 2 2
2 2 2 2
3 5 0 0
2 2 1 2
2 2 2 2
2 2 2 2
2 2 2 2
2 2 2 2
2 2 2 2
9 0 2 2
2 2 2 2
2 2 2 2
2 2 2 2
2 2 2 2
2 2 2 2
2 2 2 2
2 2 2 2
2 2 2 2
2 2 3 5
2 5 0 6
2 2 2 2
0 2 2 8
2 2 2 5
2 2 2 2
2 2 2 2
2 2 2 2
2 2 2 2
2 2 1 2
2 2 2 2
2 2 1 2
2 2 2 2
2 2 2 2
2 2 2 2
2 2 2 2
2 2 2 2
2 2 2 2
2 2 2 2
2 2 2 2
2 2 2 2
7 3 0 2
0 0 2 2
2 2 2 2
2 2 2 2
2 2 2 2
2 2 2 2
2 2 2 2
2 2 2 2
2 2 2 2
2 2 2 2
2 2 2 2
2 2 5 0
2 2 2 2
2 2 2 2
2 2 2 2
2 2 2 2
2 2 2 2
2 2 2 2
2 2 2 2
2 2 2 2
2 2 2 2
2 2 2 1
2 2 2 2
2 2 1 2
2 2 2 2
2 2 2 2
2 2 2 2
2 2 2 2
2 2 2 2
2 2 0 0
2 2 2 2
2 2 2 2
0 0 0 0
5 0 0 0
2 2 4 4
2 2 2 2
2 2 2 2
2 2 2 2
2 2 2 2
0 0 0 0
2 2 2 2
2 2 2 2
2 2 2 2
2 2 2 2
2 2 2 2
2 8 0 5
2 2 2 2
2 2 2 2
2 2 2 2
2 2 2 2
2 2 2 2
2 2 2 2
2 2 2 2
2 2 2 2
2 2 2 2
2 2 2 2
2 2 2 2
2 2 2 2
2 2 2 2
2 2 2 2
2 2 2 2
2 2 2 2
2 2 2 2
2 2 2 2
2 2 2 2
2 2 3 4
2 2 2 2
2 2 2 2
2 2 2 2
2 2 2 3
2 2 2 2
2 2 2 2
0 0 2 2
2 1 7 5
2 2 1 2
2 2 2 2
2 2 2 2
2 2 2 2
2 2 2 2
2 2 2 2
2 2 2 2
6 0 2 2
2 2 4 5
2 2 2 1
2 2 2 2
2 2 2 2
2 2 2 2
2 2 2 2
2 2 2 2
2 2 2 2
2 2 2 2
8 4 0 3
2 2 2 2
2 2 2 2
2 2 2 2
2 2 3 7
2 2 2 2
2 2 2 2
2 2 2 2
2 2 2 2
2 2 2 2
2 2 2 2
2 2 2 2
2 2 2 2
2 2 2 2
2 2 2 2
2 2 2 2
2 1 8 2
2 2 2 2
2 2 2 2
2 2 2 2
2 2 2 2
2 2 2 2
2 2 5 2
2 2 2 2
2 2 2 2
2 2 2 2
5 6 7 2
0 0 0 0
2 2 2 2
2 2 2 2
2 2 2 2
2 2 2 2
2 2 1 2
2 2 2 2
0 2 2 2
2 2 2 2
2 2 0 2
2 2 2 2
2 2 2 2
2 2 2 2
3 2 2 2
2 2 2 2
2 2 2 2
2 2 2 2
2 2 2 2
2 2 2 2
2 2 2 2
2 2 2 2
2 2 2 2
2 2 2 2
2 2 2 2
2 2 2 2
2 2 2 2
2 2 2 2
2 2 2 2
0 0 0 0
2 2 2 2
0 2 2 2
2 2 2 2
2 2 2 2
2 2 2 2
2 2 2 2
5 0 0 0
2 2 3 0
2 2 2 2
2 2 2 2
2 2 2 2
2 2 2 2
2 2 2 1
2 2 2 2
2 2 2 2
2 2 9 0
2 2 2 2
2 2 2 2
2 2 2 2
2 2 2 2
0 2 2 2
2 2 2 2
2 2 2 2
2 2 6 6
2 2 2 2
2 2 2 2
2 2 2 3
2 2 2 2
2 2 2 2
2 2 2 2
0 2 2 2
2 2 2 2
2 2 2 2
2 2 2 2
2 2 2 2
2 2 2 2
2 2 2 2
2 2 2 2
2 2 2 2
2 2 2 2
2 2 2 2
2 2 2 2
2 2 2 2
2 2 2 2
2 2 1 2
2 2 2 2
2 2 4 2
2 2 2 2
2 2 2 2
2 2 2 2
2 2 2 2
2 2 2 2
2 2 2 2
2 2 2 2
2 2 2 2
0 2 2 2
0 2 2 2
2 2 2 2
2 2 2 2
2 2 2 2
2 2 2 2
2 2 2 2
2 2 2 2
2 2 2 2
2 2 2 2
2 2 2 2
2 2 2 2
2 2 2 2
2 2 2 2
2 2 2 2
0 2 2 2
2 2 2 2
2 2 2 2
2 2 2 2
2 2 2 2
2 2 2 2
0 2 2 2
2 2 2 2
2 2 2 2
2 2 2 2
2 2 2 2
2 2 2 2
0 2 2 2
2 2 2 2
2 2 2 2
2 2 7 5
2 2 2 2
2 2 2 2
4 0 3 8
0 2 2 2
2 2 2 2
2 2 2 2
2 2 8 0
2 2 8 2
2 2 2 2
2 2 2 2
2 2 4 2
2 2 2 2
2 2 2 2
2 2 2 2
2 2 2 2
2 2 2 2
2 2 2 2
2 2 2 2
2 2 2 2
2 2 2 2
2 2 2 2
2 2 2 2
2 2 2 2
2 2 2 2
0 2 2 2
2 2 2 2
2 2 2 2
2 2 2 2
2 2 2 2
2 2 2 2
2 2 2 2
2 2 2 2
2 2 2 2
0 2 2 2
2 2 2 2
0 2 2 2
2 2 2 2
2 2 2 2
2 2 2 2
5 0 0 0
2 2 2 2
2 2 2 2
2 2 2 2
0 2 2 2
2 2 2 2
2 2 5 2
2 2 2 2
2 2 2 2
2 2 2 2
0 0 0 2
2 2 1 2
2 2 2 2
2 2 2 2
2 2 2 2
2 2 2 2
2 2 1 2
2 2 2 2
2 2 8 5
2 2 2 2
2 2 2 2
3 3 7 0
2 2 2 2
2 2 2 2
2 2 2 2
0 2 2 2
2 2 2 2
2 2 2 2
2 2 2 2
0 2 2 2
2 2 2 2
2 2 2 2
2 2 2 2
2 2 2 2
2 2 2 2
2 2 3 2
2 2 2 2
2 2 2 2
2 2 2 2
2 2 8 0
2 2 2 2
2 2 2 2
2 2 2 2
2 2 1 2
2 2 2 2
2 2 2 2
2 2 2 2
2 2 2 2
0 0 2 2
2 2 2 2
2 2 2 2
2 2 2 2
2 2 2 2
2 2 2 2
2 2 2 2
2 2 2 2
2 2 2 2
2 2 2 2
2 2 2 2
2 2 2 2
2 2 2 2
2 2 2 2
2 2 2 2
2 2 2 2
2 2 2 2
2 2 2 2
0 6 0 2
2 2 3 5
2 2 2 2
2 2 2 2
2 2 2 2
2 2 9 8
2 2 2 2
2 2 2 2
2 2 2 2
2 2 2 2
2 2 2 2
2 2 2 2
0 0 2 2
2 2 2 2
2 2 2 2
2 2 2 2
2 2 2 2
2 2 2 2
2 2 2 2
2 2 5 0
2 2 2 2
2 2 2 2
2 2 2 2
2 2 2 2
2 2 2 2
2 2 2 3
2 2 2 2
2 2 2 2
2 2 2 2
2 2 2 2
2 2 2 2
2 2 2 2
2 2 2 2
2 2 2 2
2 2 2 2
2 2 2 2
2 2 2 2
2 2 2 2
2 2 2 2
2 2 2 2
2 2 2 2
2 2 2 2
2 2 2 2
2 2 2 2
2 2 2 2
2 2 2 2
2 2 2 2
2 2 2 2
2 2 2 2
2 2 2 2
2 2 2 1
2 2 2 2
2 2 2 2
2 2 2 2
2 2 2 2
2 2 2 2
2 2 2 2
2 2 2 2
0 2 2 2
2 2 2 2
2 2 2 2
2 2 2 2
2 2 2 2
2 2 4 2
2 2 2 2
2 2 2 2
2 2 2 3
2 2 2 2
2 2 2 2
2 2 2 2
2 2 8 2
2 2 2 2
2 2 2 2
0 0 2 2
2 2 2 2
0 0 2 2
2 2 2 5
2 2 2 2
2 2 2 2
2 2 2 2
2 2 2 2
2 2 2 2
2 2 2 2
2 2 2 2
2 2 2 2
0 0 0 0
2 2 2 2
2 2 2 2
2 2 2 2
2 2 2 2
2 2 2 2
2 2 2 2
2 2 2 2
2 2 2 2
2 8 2 5
2 2 2 2
2 2 2 2
2 2 2 2
2 2 2 2
2 2 2 2
2 2 2 2
2 2 2 2
2 2 2 2
4 0 7 2
2 2 2 2
0 2 2 2
0 2 2 2
2 2 1 2
2 2 2 2
2 2 2 2
2 2 2 2
2 2 2 2
2 2 2 3
0 0 0 0
2 2 2 2
2 2 2 2
2 2 2 2
2 2 2 2
2 2 2 2
2 2 2 2
2 2 1 2
2 2 2 2
2 2 2 2
2 2 2 2
5 0 0 0
2 2 2 2
0 2 2 2
2 2 2 2
2 2 2 2
2 2 2 2
2 2 2 2
2 2 2 2
2 2 2 2
2 2 2 2
2 2 2 2
2 2 2 2
2 2 2 2
2 2 9 0
2 2 2 2
2 2 2 2
2 2 2 2
2 2 2 2
0 2 2 2
2 2 2 2
2 2 2 2
2 2 2 2
2 2 2 2
2 2 2 2
2 2 2 2
2 2 7 2
2 2 2 2
0 0 0 0
2 2 2 2
2 2 2 2
2 2 2 2
2 2 2 2
2 2 2 2
2 2 2 2
2 2 2 2
2 2 2 2
2 2 2 2
2 2 2 1
2 2 2 2
2 2 2 2
2 2 2 2
2 2 2 5
2 2 2 2
2 2 2 2
2 2 2 2
2 2 3 5
2 2 2 2
2 2 2 1
2 2 2 2
2 2 2 2
2 2 1 2
4 0 0 0
2 2 2 2
2 2 2 2
2 2 2 2
2 2 2 2
2 2 2 2
2 2 4 2
2 2 2 2
2 2 2 2
2 2 2 2
2 2 2 2
2 2 2 2
2 2 2 2
2 2 2 2
2 2 2 2
2 2 2 2
2 2 2 2
2 2 2 2
2 2 2 2
2 2 2 1
2 2 2 2
2 2 2 2
2 2 2 2
2 2 2 2
2 2 2 2
2 2 2 2
2 2 2 2
2 2 2 2
2 2 2 1
0 2 2 2
0 0 8 4
2 2 2 2
2 2 2 2
2 2 2 2
2 2 2 2
2 2 2 1
2 2 2 2
2 2 1 2
2 2 2 2
2 2 2 2
0 2 2 2
2 2 2 2
2 2 2 2
2 2 2 2
2 2 2 2
4 0 3 0
2 2 2 2
2 2 2 2
2 2 2 2
2 2 2 2
2 2 2 2
2 2 2 2
2 2 9 0
2 2 2 2
2 2 2 2
2 2 2 2
2 2 2 2
2 2 2 2
2 2 2 2
2 2 3 2
2 2 2 2
2 2 2 2
2 2 2 2
2 2 2 2
8 4 0 4
2 2 2 2
2 2 2 2
2 2 2 2
2 2 2 2
2 2 8 5
2 2 1 5
0 2 2 2
5 0 0 0
2 2 2 2
2 2 2 2
0 0 2 2
2 2 2 2
2 2 9 3
2 2 2 2
3 0 2 2
4 0 0 0
2 2 1 2
2 2 2 2
2 2 2 2
2 2 2 9
2 2 3 0
2 2 2 2
2 2 1 2
0 2 2 2
2 2 2 2
2 2 2 2
2 2 2 2
2 2 2 2
2 2 2 2
2 2 2 2
2 2 2 2
0 2 2 2
2 2 2 2
2 2 2 2
5 0 6 4
2 2 2 2
2 2 2 2
2 2 2 2
2 2 2 2
2 2 2 2
2 2 2 2
9 2 2 2
2 2 2 2
2 2 2 2
2 2 2 2
0 2 2 2
2 2 2 2
2 2 2 2
5 0 0 0
2 2 2 2
2 2 2 2
2 2 2 2
2 2 2 2
2 2 5 0
2 2 2 2
2 2 2 2
2 2 2 2
2 2 4 2
2 2 2 2
2 2 2 2
0 0 2 2
2 2 2 2
2 2 2 2
2 2 2 2
2 2 2 2
2 2 2 2
2 2 2 2
2 2 2 2
2 2 2 2
2 2 2 2
2 2 2 2
2 2 2 2
2 2 0 2
2 2 2 2
2 2 2 2
2 2 1 2
2 2 1 2
2 2 2 2
2 2 2 2
2 2 2 2
2 2 2 2
2 2 2 2
3 8 7 5
2 2 2 2
2 2 2 2
2 2 2 2
2 2 2 2
5 0 2 0
2 2 2 2
2 2 5 0
2 2 2 2
2 2 2 2
2 2 2 2
2 2 2 2
2 2 2 2
2 2 2 2
2 2 2 2
2 2 2 2
2 2 3 2
2 2 2 2
2 2 2 2
2 2 2 2
2 2 2 2
2 2 2 2
2 2 2 2
2 2 2 2
2 2 2 2
2 2 2 2
2 2 2 2
2 2 2 2
2 2 2 2
2 2 2 2
2 2 2 2
2 2 2 2
3 0 0 2
2 2 1 2
2 2 2 2
0 2 2 2
2 2 2 2
2 2 2 2
3 8 2 2
2 2 1 2
2 2 2 2
2 2 2 2
2 2 2 2
0 0 2 2
2 2 2 2
2 2 2 2
2 2 2 2
2 2 2 2
2 2 2 2
2 2 2 2
2 2 2 2
2 2 2 2
2 2 2 2
2 2 2 2
2 1 7 3
2 2 2 2
2 2 2 2
2 2 2 2
2 2 2 2
2 2 2 2
2 2 2 2
0 2 8 5
2 2 2 2
2 2 2 2
2 2 2 2
2 2 2 2
2 2 2 2
2 2 2 2
2 2 2 2
2 2 2 2
0 0 2 2
2 2 2 2
2 2 2 2
2 2 2 2
2 2 2 2
2 2 2 2
2 2 2 2
2 2 2 2
2 1 5 9
4 2 2 2
2 2 2 2
2 2 2 2
2 2 2 2
2 2 2 2
0 2 2 2
2 2 2 2
2 2 2 2
2 2 2 2
0 0 2 2
2 2 2 2
2 2 2 1
0 0 0 0
4 0 3 0
2 2 2 2
2 2 2 2
2 2 2 2
2 2 1 2
2 2 2 2
2 2 2 2
2 2 2 2
2 2 2 2
2 2 2 2
2 2 2 2
2 2 2 2
2 2 2 2
0 2 2 2
2 2 2 2
2 2 2 2
0 0 0 0
2 2 2 2
2 2 2 2
2 2 2 2
3 0 0 0
2 2 2 2
2 2 2 2
2 2 1 2
2 2 2 2
2 2 2 2
0 0 2 2
2 2 2 2
2 2 2 2
2 2 4 2
0 0 0 2
2 2 2 2
2 2 2 2
2 2 4 7
2 2 2 2
2 2 1 2
0 2 2 2
2 2 5 0
2 2 2 2
2 2 2 8
2 2 9 0
2 2 2 2
2 2 2 2
4 4 0 3
2 2 2 2
2 2 1 4
2 2 2 2
2 2 2 2
2 2 2 2
2 2 2 3
2 2 2 2
2 2 2 2
2 2 2 2
2 2 2 2
2 2 2 2
2 2 2 2
2 2 2 2
2 2 2 4
2 2 2 2
2 2 2 2
0 2 2 2
2 2 2 2
2 2 2 2
2 2 2 2
2 2 2 2
2 2 2 2
2 8 0 4
2 2 2 2
2 2 2 2
2 2 2 2
8 5 0 0
2 2 2 2
2 2 2 2
2 2 2 2
2 2 5 0
2 2 2 2
2 2 2 2
2 2 2 2
2 2 2 2
2 2 2 2
2 2 2 2
2 2 2 2
2 2 2 2
2 2 2 2
2 2 2 2
2 2 2 2
2 2 2 2
2 2 2 2
0 2 2 2
0 2 2 2
2 2 2 2
2 2 2 2
2 2 2 2
2 2 2 2
2 2 2 2
2 2 2 2
2 2 7 5
2 2 2 2
2 2 2 2
2 2 2 2
0 2 2 2
2 2 2 2
2 2 2 2
2 2 2 2
2 2 2 2
2 2 2 2
2 2 2 2
2 2 2 2
2 2 2 2
2 2 2 2
2 2 2 2
2 2 2 2
2 2 2 2
2 2 2 2
2 2 2 2
2 2 2 2
2 2 2 2
2 2 3 2
2 2 2 2
2 2 2 2
2 2 2 8
2 2 2 2
2 2 2 2
0 2 2 2
2 2 2 2
2 2 3 2
2 2 2 2
0 2 2 2
2 2 2 2
2 2 2 2
2 2 2 2
2 2 2 2
2 2 2 2
2 2 2 2
2 2 2 2
2 2 3 2
2 2 2 2
2 2 2 2
2 2 2 2
2 2 2 2
2 2 2 2
2 2 2 2
2 2 2 2
2 2 2 2
2 2 2 2
2 2 2 2
2 2 2 2
0 0 0 0
2 2 2 2
2 2 2 2
2 2 2 2
2 2 2 2
2 2 2 2
2 2 2 2
2 2 2 2
2 2 2 2
2 2 2 2
2 2 2 2
2 2 2 2
2 2 2 3
2 2 2 5
0 0 0 0
2 2 2 2
2 2 2 2
2 2 2 2
2 2 2 2
2 2 2 1
2 2 2 2
2 2 2 2
2 2 1 5
2 2 2 2
2 2 1 2
2 2 2 2
2 2 2 2
2 2 2 2
2 2 2 2
2 2 2 2
2 2 2 2
2 2 2 2
2 2 2 2
8 1 2 5
2 8 2 5
2 2 2 2
2 2 2 2
2 2 2 2
2 2 2 2
2 2 2 2
2 2 2 2
2 2 2 2
2 2 2 2
2 2 2 2
2 2 2 2
2 2 2 2
2 2 2 2
2 2 2 2
2 2 2 2
2 2 2 2
2 2 2 2
2 2 2 2
2 2 2 2
2 2 2 2
2 2 2 2
2 2 2 2
2 2 2 3
2 2 2 2
2 2 2 2
2 2 2 2
2 2 2 2
2 2 2 2
2 2 1 2
2 2 2 2
2 2 2 2
2 2 2 2
2 2 2 2
2 2 2 2
2 2 2 2
2 2 2 2
2 2 2 2
2 2 2 2
2 2 4 7
2 2 2 2
2 2 3 0
2 2 2 2
2 2 2 2
2 2 2 2
2 2 2 2
2 2 2 2
2 2 2 2
8 4 5 7
2 2 2 2
4 2 2 1
2 2 2 2
2 2 2 2
2 2 2 2
2 2 2 2
2 2 2 2
2 2 2 2
2 2 2 2
2 2 2 2
2 2 2 2
2 2 2 2
0 4 0 3
2 2 2 2
2 2 2 2
2 2 2 2
0 2 2 2
2 2 2 2
8 5 0 0
2 2 2 2
2 2 2 2
2 2 2 2
2 2 2 2
2 2 2 2
2 2 2 2
0 2 2 2
2 2 2 2
2 2 2 2
2 2 1 2
2 2 2 2
2 2 2 2
2 2 2 2
2 2 2 2
2 2 2 2
2 2 2 2
2 2 2 2
2 2 2 2
2 2 1 2
2 2 2 2
2 2 2 2
2 2 2 2
2 2 2 2
2 2 2 2
2 2 2 2
8 4 0 3
2 2 2 2
2 2 2 2
2 2 2 2
2 2 2 2
2 2 2 2
2 2 2 2
2 2 2 2
2 2 2 2
8 2 2 5
2 2 2 2
2 2 2 1
2 2 2 2
2 2 2 2
2 2 2 2
0 0 0 0
2 2 2 2
2 2 2 2
2 2 2 2
2 2 2 2
2 2 2 2
3 8 2 2
2 2 2 2
2 2 2 2
2 2 2 2
2 2 2 2
2 2 2 2
2 2 2 2
2 2 2 2
2 2 2 2
2 2 2 2
2 2 2 2
0 2 2 2
0 2 2 2
2 2 2 2
2 2 2 2
2 2 1 2
2 2 2 2
2 2 2 2
2 2 2 2
2 2 2 2
2 2 2 2
2 2 2 2
2 2 2 2
2 2 2 2
2 2 4 2
2 2 2 2
7 3 0 2
2 2 2 2
2 2 2 2
2 2 1 2
2 2 2 2
0 2 2 2
2 2 2 2
2 1 2 2
2 2 2 2
2 2 1 2
2 2 2 2
2 2 2 2
2 2 2 5
7 2 2 2
2 2 2 2
2 2 2 2
2 2 2 2
2 2 2 2
2 2 2 2
2 2 2 2
2 2 2 2
2 2 2 9
2 2 2 2
0 2 2 2
2 2 2 2
2 2 2 2
2 2 2 5
2 2 2 2
2 2 2 2
2 2 2 2
2 2 2 2
2 2 2 2
2 2 2 2
2 2 2 2
2 2 1 2
2 2 2 2
2 2 2 2
2 2 2 2
2 2 2 2
5 0 2 6
2 2 2 2
2 2 2 2
0 3 0 0
2 2 2 2
5 0 0 0
2 2 2 2
2 2 2 2
0 2 2 2
2 2 2 2
2 2 2 2
0 0 0 0
0 0 2 2
2 2 2 2
2 2 2 2
2 2 2 2
2 2 2 2
0 0 0 0
2 2 2 2
2 2 2 2
2 2 2 2
2 2 2 2
2 2 2 2
2 2 2 2
2 2 2 2
2 2 2 2
2 2 2 2
2 2 2 2
2 2 2 2
2 2 2 2
2 2 2 2
2 2 2 2
2 2 2 2
0 0 0 0
2 2 2 2
2 2 2 2
2 2 2 2
2 2 3 2
2 2 2 2
2 2 1 2
2 2 2 2
2 2 2 2
2 2 2 2
2 2 2 2
2 2 2 2
2 2 2 2
0 2 2 2
2 2 2 2
2 2 2 2
2 2 9 0
2 2 3 0
2 2 2 2
2 2 2 2
2 2 2 2
2 2 2 2
2 2 2 2
2 2 2 2
2 2 2 2
0 0 0 0
2 2 3 8
2 2 2 2
2 2 2 2
2 2 2 2
2 2 2 2
2 2 2 2
2 2 2 2
2 2 2 2
2 2 2 2
2 2 2 2
2 2 2 2
2 2 2 2
2 2 9 3
3 7 5 0
2 2 2 2
2 2 2 2
0 2 2 2
2 2 2 2
2 2 2 2
2 2 2 2
2 2 2 2
2 2 2 2
2 2 2 2
2 2 2 2
2 2 2 2
2 2 2 2
2 2 2 2
2 2 2 2
2 2 1 2
0 2 2 2
2 2 2 2
2 2 2 2
2 2 4 2
2 2 2 2
2 2 2 2
2 2 2 2
2 2 2 2
2 2 2 2
2 5 0 0
2 2 1 2
2 2 2 2
2 2 2 2
2 2 2 2
0 2 2 2
2 2 2 2
2 2 2 2
2 2 2 2
2 2 2 2
2 2 2 2
2 2 2 2
2 2 2 2
2 2 2 2
2 2 2 2
2 2 5 8
2 2 2 2
2 2 2 2
2 2 2 2
2 2 2 2
2 2 2 2
2 2 2 2
2 2 2 2
2 2 2 2
2 2 2 2
2 2 2 2
2 2 2 2
2 2 2 2
2 2 2 2
2 2 2 2
2 2 2 2
2 2 2 2
2 2 2 2
2 2 2 2
2 2 2 2
2 2 2 2
2 2 2 2
2 2 2 2
2 2 2 2
2 2 2 2
2 2 2 2
2 2 3 0
2 2 2 2
2 2 2 2
2 2 1 2
2 2 2 2
2 2 2 2
2 2 2 2
2 2 2 2
2 2 2 2
2 2 2 2
2 2 2 2
2 2 2 2
2 2 3 0
2 2 2 2
2 2 2 2
2 2 2 2
2 2 2 2
2 2 2 2
2 2 2 2
2 2 2 2
2 2 2 2
2 2 2 2
2 2 2 2
8 4 7 0
2 2 2 2
2 2 2 2
2 2 2 2
2 2 2 2
0 0 0 0
2 2 2 2
2 2 2 2
2 2 2 2
2 2 2 2
2 2 2 3
2 2 2 2
2 2 2 2
2 2 2 2
2 2 2 2
2 2 2 2
2 2 2 2
2 2 2 2
2 2 2 2
2 2 9 0
2 2 8 5
2 2 2 2
2 2 2 2
2 2 2 2
2 2 2 2
2 2 2 2
2 2 1 2
2 2 2 2
2 2 2 2
2 2 2 2
2 2 2 2
4 0 0 0
2 2 2 2
2 2 2 2
0 0 0 2
0 2 2 2
2 2 2 2
2 8 5 0
2 2 2 2
2 2 2 2
2 2 2 2
2 2 2 2
2 2 2 2
2 2 2 2
8 9 3 0
2 2 2 2
2 2 2 2
2 2 2 2
2 2 2 2
2 2 2 2
2 2 2 2
2 2 2 2
2 2 1 2
2 2 2 2
2 2 2 2
2 2 2 2
2 2 2 2
2 2 2 2
2 2 2 2
2 2 2 2
2 2 2 2
2 2 2 2
2 2 3 8
2 2 2 2
2 2 2 2
2 2 2 2
2 2 2 2
2 2 2 2
2 2 2 2
2 2 2 2
2 2 4 2
2 2 2 2
2 2 1 2
0 2 2 2
2 2 2 2
2 2 2 2
2 2 2 2
2 2 2 2
2 2 2 2
2 2 2 2
2 2 2 2
2 2 5 0
2 2 2 2
2 2 2 2
3 2 2 2
2 2 2 2
2 2 2 2
2 2 2 2
2 2 2 2
2 2 2 2
7 2 2 2
2 2 5 0
2 2 2 2
2 2 2 2
2 2 2 2
2 2 2 2
0 2 2 2
2 2 2 2
2 2 2 2
2 2 2 2
2 2 2 2
2 2 2 2
2 2 2 2
2 2 2 2
2 2 2 2
2 2 2 2
2 2 2 2
2 2 2 2
2 2 2 2
2 2 2 2
2 2 2 2
2 2 1 2
2 2 2 2
2 2 2 2
2 2 2 2
2 2 2 2
2 2 2 2
2 2 2 2
2 2 2 2
2 2 2 2
2 2 2 2
2 2 2 1
2 2 2 2
2 2 2 2
0 2 2 2
2 2 2 2
2 2 2 2
5 4 0 2
2 2 2 2
2 2 2 2
2 2 2 2
2 2 2 2
2 2 2 2
2 2 2 2
2 2 2 2
2 2 2 2
2 2 2 2
2 2 2 2
2 2 2 2
2 2 2 2
2 2 2 2
2 2 2 2
2 2 2 2
2 2 2 9
2 2 2 2
2 2 2 2
2 2 2 2
2 2 2 2
2 2 2 2
2 2 2 2
2 2 2 2
2 2 2 2
2 2 1 2
3 5 0 0
2 2 2 2
2 2 2 2
2 2 2 2
2 2 2 2
2 2 2 2
2 2 2 2
0 2 2 2
2 2 2 2
3 7 0 2
2 2 2 2
0 2 2 2
0 5 2 2
0 5 3 2
2 2 2 2
2 2 2 2
5 0 4 0
2 2 8 7
2 2 2 2
2 2 2 2
2 2 2 2
2 2 2 2
2 2 2 2
2 2 2 2
2 2 2 2
2 2 2 2
2 2 2 2
2 2 2 2
2 2 3 4
2 2 2 2
2 2 2 2
8 5 0 0
2 2 2 2
2 2 2 2
2 2 2 2
2 2 2 2
5 0 0 0
2 2 2 2
2 2 2 2
2 2 2 2
2 2 2 2
2 2 2 2
2 2 1 2
2 2 2 2
2 2 2 2
2 8 2 5
2 2 2 2
2 2 2 2
2 2 2 2
2 2 2 2
2 2 2 2
2 2 2 2
2 2 2 2
2 2 2 2
0 2 2 2
2 2 2 2
4 0 3 9
2 2 2 2
2 2 2 2
2 2 4 2
2 2 2 2
2 2 2 2
2 2 1 2
2 2 2 2
2 2 2 2
2 2 2 2
2 2 2 2
2 2 2 2
2 2 2 2
2 2 2 2
2 2 2 2
2 2 2 2
2 2 2 2
2 2 2 2
2 2 2 2
2 2 2 2
2 2 2 2
2 2 2 2
2 2 2 2
2 2 3 2
2 2 2 2
2 2 2 2
2 2 2 1
2 2 3 2
2 2 2 2
5 0 2 0
2 2 2 2
2 2 2 2
2 2 2 2
2 2 2 2
0 2 2 2
2 2 5 0
2 2 2 2
2 2 2 2
2 2 2 2
2 2 2 2
2 2 2 2
0 2 2 2
2 2 2 2
2 2 2 2
2 2 2 2
2 2 2 2
8 9 3 2
2 2 2 2
2 2 2 2
2 2 2 2
2 2 2 2
0 2 2 2
2 2 2 2
0 2 2 2
2 2 2 2
2 2 2 2
2 2 2 2
2 2 2 2
2 2 2 2
2 2 2 2
0 0 0 0
2 2 2 2
2 2 2 2
2 2 2 2
2 2 2 2
2 2 2 2
2 2 2 2
2 2 2 2
0 2 2 2
2 2 2 2
2 2 2 2
2 2 2 2
2 2 2 2
2 2 2 2
2 2 2 2
2 2 2 2
2 2 2 2
0 2 2 2
2 2 2 2
2 2 2 2
0 2 2 7
2 2 2 2
2 2 2 2
2 2 2 2
2 2 2 2
2 2 2 2
2 2 2 2
2 2 2 2
2 2 2 2
2 2 2 2
2 2 2 2
2 2 9 2
2 2 2 2
2 2 2 2
2 2 3 0
5 0 3 7
2 2 2 2
2 2 2 2
2 2 2 2
2 2 2 2
2 2 2 2
2 2 2 2
2 2 7 2
2 2 2 2
2 2 2 2
0 5 0 2
2 2 2 2
2 2 2 2
0 2 2 2
2 2 2 2
2 2 2 2
2 2 7 2
2 2 2 2
2 2 2 2
2 2 2 2
2 2 2 2
2 2 2 2
2 2 2 2
2 2 2 2
2 2 2 2
2 2 2 3
2 2 2 2
2 2 2 2
2 2 2 2
2 2 2 2
2 2 2 2
2 1 4 2
2 2 2 2
2 2 2 2
2 2 2 2
2 2 2 2
2 2 2 2
2 2 2 2
2 2 2 2
2 2 2 2
2 2 1 2
2 2 2 2
2 2 2 2
2 2 2 2
2 2 2 2
2 2 2 2
2 2 2 2
2 2 2 2
2 2 2 2
2 2 2 2
2 2 2 2
0 0 0 0
2 2 2 2
2 2 2 2
2 2 2 3
2 2 2 2
2 2 2 2
2 2 2 2
2 2 2 2
2 2 2 2
2 2 2 2
2 2 2 2
0 2 2 2
2 2 2 2
2 2 2 2
2 2 2 2
0 2 2 2
2 2 2 2
2 2 2 2
2 2 2 2
2 2 2 2
2 2 2 2
2 2 2 2
2 2 2 2
2 2 2 2
2 2 2 2
2 2 2 2
2 2 2 9
2 2 2 2
2 2 2 2
2 2 4 3
2 2 2 2
2 2 2 2
2 2 2 2
2 2 2 2
2 2 2 2
2 2 2 2
2 2 2 2
0 4 0 0
2 2 2 2
0 0 0 0
2 2 2 2
2 2 2 2
2 2 2 2
2 2 2 2
2 2 2 2
2 2 2 2
2 2 2 2
2 2 2 2
2 2 2 2
2 2 2 2
2 2 2 2
2 2 2 2
2 2 2 2
2 2 1 2
2 2 2 2
2 2 2 2
2 2 2 2
2 2 2 2
2 2 2 2
2 2 2 2
2 2 2 2
2 2 3 7
2 2 2 2
3 0 8 4
0 2 2 2
2 2 2 2
2 2 2 2
2 2 2 2
2 2 2 2
2 2 2 2
2 2 2 2
2 2 2 2
2 2 2 2
2 2 2 2
2 2 2 2
5 0 0 0
2 2 2 2
2 2 2 2
2 2 2 4
2 2 2 2
2 2 2 2
2 2 2 2
2 2 2 2
2 2 2 2
2 2 2 2
2 2 2 2
2 2 2 2
2 2 4 5
2 2 2 2
2 2 2 2
2 2 2 2
2 2 2 2
2 2 2 2
2 2 2 2
2 2 2 2
2 2 2 2
2 8 2 5
2 2 2 2
2 2 7 2
2 2 2 2
2 2 2 2
2 2 1 2
2 2 2 2
2 2 2 2
2 2 2 2
2 2 9 0
5 0 0 0
2 2 2 2
2 2 2 2
2 2 2 2
2 2 2 2
2 2 5 0
2 2 4 5
2 2 1 2
2 2 2 2
2 2 2 2
2 2 2 2
2 2 2 2
2 2 4 5
2 2 2 2
2 2 2 2
2 2 2 2
2 2 2 2
2 2 2 2
2 2 4 7
2 2 2 2
2 2 2 2
0 2 2 2
2 2 2 3
2 2 8 5
2 2 2 2
2 2 2 2
2 2 2 2
2 2 3 0
0 0 0 0
2 2 2 2
2 2 2 2
2 2 2 2
2 2 2 2
2 2 2 2
2 2 2 2
2 2 2 2
2 2 2 2
2 2 2 2
2 2 7 5
0 0 0 0
2 2 2 2
2 2 4 3
2 2 2 2
2 2 2 2
2 2 2 2
0 0 2 2
2 2 2 2
2 2 2 2
2 2 2 2
2 2 2 2
0 0 0 0
2 2 2 2
2 2 2 3
2 2 2 2
2 2 2 2
2 2 2 2
2 2 2 2
2 2 2 2
2 9 8 2
2 2 2 2
2 2 2 2
2 2 2 2
2 2 2 2
2 2 2 1
2 2 2 2
2 2 2 2
2 2 2 2
2 2 2 2
2 2 2 2
2 2 2 2
2 2 2 2
2 2 2 2
2 2 2 3
0 5 0 0
2 2 2 2
2 2 2 2
2 2 2 2
2 2 2 2
2 2 2 2
2 2 2 2
2 2 2 2
0 2 2 2
2 2 2 2
2 2 2 2
2 2 2 2
2 2 2 2
2 2 2 2
2 2 2 2
2 2 2 2
2 2 1 2
5 0 3 0
1 2 2 2
2 2 2 2
2 2 2 2
2 2 2 2
2 2 1 2
2 2 2 2
2 2 2 2
2 2 2 2
2 2 2 2
2 2 2 2
2 2 2 2
2 2 2 2
2 2 2 2
2 2 2 2
4 0 2 2
5 6 3 7
2 2 3 7
2 2 2 2
2 2 2 2
2 2 2 1
2 2 2 2
2 2 2 2
2 2 2 2
2 2 2 2
2 2 2 2
2 2 8 5
2 2 2 2
2 2 2 2
2 2 2 2
2 2 2 2
2 2 2 2
2 2 2 2
2 2 2 2
2 2 2 2
2 2 2 2
2 2 2 2
2 2 2 2
2 2 2 2
2 2 2 2
2 2 2 2
2 2 2 2
2 2 2 2
2 2 2 2
2 2 2 2
5 0 0 0
2 2 2 2
2 1 2 2
2 2 2 2
2 2 2 2
2 2 2 2
2 2 2 2
2 2 2 2
8 4 0 0
2 2 2 2
2 2 2 2
2 2 2 2
0 2 2 2
2 2 2 2
2 2 2 2
2 2 2 2
2 2 1 2
2 2 2 2
2 2 7 2
2 2 2 2
2 2 2 2
2 2 2 2
2 2 2 2
2 2 2 2
2 2 2 1
2 2 2 2
2 2 2 2
2 2 2 2
2 2 2 2
2 2 2 2
2 2 2 2
0 2 2 2
2 2 2 2
2 2 2 2
0 2 2 2
2 2 2 2
2 2 2 2
2 2 2 2
2 2 2 2
2 2 2 2
2 2 2 2
2 2 2 2
2 2 2 2
2 2 2 2
2 2 2 2
0 2 2 2
2 2 2 2
2 2 2 2
2 2 2 2
2 2 2 2
2 2 2 2
8 4 0 2
2 2 2 2
0 0 0 0
4 0 2 2
2 2 2 2
2 2 2 2
2 2 2 2
2 2 2 2
2 2 2 2
2 2 2 2
2 2 1 2
2 2 2 2
2 2 2 2
2 2 1 2
2 2 2 2
2 2 2 2
2 2 2 2
2 2 3 2
2 2 2 2
2 2 2 2
2 2 2 2
2 2 2 2
2 2 2 2
5 1 6 4
2 2 2 2
2 2 2 2
2 2 2 2
2 2 1 7
2 2 2 2
0 2 2 2
2 2 2 2
2 2 4 4
0 2 2 2
2 2 2 2
2 2 2 2
2 2 1 2
2 2 2 2
2 2 2 2
0 2 2 2
2 2 2 2
2 2 2 2
2 2 2 2
2 2 2 2
2 2 2 2
2 2 2 2
2 2 2 2
2 2 2 2
2 2 2 2
2 2 2 2
2 2 2 2
2 2 2 2
2 2 2 2
2 2 2 2
2 2 2 2
2 2 2 2
2 2 2 2
2 2 2 2
2 2 2 2
2 2 2 2
2 2 2 2
2 2 2 2
0 2 2 2
2 2 2 2
2 2 2 2
4 0 3 2
2 2 2 2
2 2 2 2
2 8 2 5
2 2 2 2
2 2 2 2
2 2 2 2
2 2 2 2
2 2 2 2
2 2 2 2
2 2 2 2
2 2 2 2
5 0 0 0
2 2 2 2
2 2 2 2
2 2 2 2
2 2 2 2
2 2 2 2
2 2 2 2
2 2 2 2
2 2 2 2
2 2 2 2
2 2 2 2
2 2 2 2
2 2 3 5
0 0 0 0
2 2 2 2
2 2 9 8
2 2 2 2
2 2 2 2
2 2 2 2
2 2 2 2
0 2 2 2
2 2 2 2
2 2 2 2
2 2 2 2
2 2 1 4
0 2 2 2
2 2 5 0
2 2 2 2
2 2 1 2
2 2 2 2
2 4 6 6
2 2 2 2
2 2 2 2
2 2 2 2
2 2 3 7
2 2 2 2
2 2 2 2
2 2 2 2
2 2 2 2
2 2 2 2
2 2 2 2
2 2 2 2
2 2 2 2
2 2 2 5
2 2 2 2
2 2 2 2
2 2 2 2
2 2 2 2
2 2 2 2
2 2 2 2
5 0 2 0
2 2 2 2
2 2 2 2
0 0 0 0
2 2 2 2
2 2 2 2
5 0 2 0
2 2 2 2
2 2 2 2
2 2 2 2
2 2 2 3
0 0 0 0
2 2 2 2
2 2 2 2
2 2 2 2
2 2 2 2
2 2 2 2
2 1 8 4
2 2 8 2
2 2 2 2
0 2 2 5
2 2 2 2
0 2 2 2
2 2 2 2
2 2 2 2
2 2 2 2
2 2 2 2
2 2 2 2
0 0 0 0
2 2 2 2
2 2 2 2
2 2 2 2
2 2 2 2
2 2 2 2
2 2 2 2
2 2 2 2
2 2 2 2
2 2 2 4
2 2 2 2
2 2 2 2
2 2 3 9
2 2 2 2
2 2 2 2
5 0 2 0
2 2 2 2
2 2 2 8
4 2 2 2
2 2 2 2
0 2 2 2
2 2 2 2
2 2 2 2
0 0 2 2
2 2 2 2
2 2 2 2
2 2 2 2
2 2 2 2
2 2 2 2
2 2 2 2
2 2 2 2
2 2 2 2
2 2 2 2
2 2 2 2
0 2 2 2
2 2 2 2
2 2 2 2
2 2 2 2
0 0 0 0
2 2 2 2
2 2 2 2
0 0 0 0
2 2 2 2
2 2 2 2
2 2 3 0
0 2 2 8
2 2 2 2
2 2 2 2
2 2 2 2
2 2 2 2
2 2 2 2
2 2 2 2
2 2 2 2
2 2 2 2
2 2 2 2
2 2 2 2
2 2 2 2
2 2 2 2
2 2 2 2
2 2 2 2
2 2 2 2
2 2 2 2
2 2 2 2
2 2 2 2
2 2 2 2
2 2 2 2
2 2 2 2
0 2 2 2
2 2 2 2
3 8 2 2
2 2 2 1
2 2 2 2
2 2 2 2
2 2 2 2
2 2 2 2
0 2 2 2
2 2 2 2
3 9 0 2
2 2 2 4
2 2 2 2
2 2 2 2
5 0 0 0
2 2 2 2
2 2 2 2
2 2 1 5
2 2 2 2
2 2 2 2
2 2 2 2
2 2 2 2
2 2 2 2
2 2 2 2
2 2 2 2
2 2 2 2
2 2 2 2
2 2 2 2
2 2 2 2
2 2 2 2
2 2 2 2
2 2 2 2
2 2 2 3
2 2 2 2
2 2 2 2
0 2 2 2
2 2 2 2
2 2 2 8
2 2 2 2
2 2 2 2
2 2 2 2
2 2 2 1
2 2 2 2
2 2 2 2
2 2 2 2
2 2 2 2
0 2 2 2
2 2 2 2
2 2 2 2
2 2 2 2
2 2 2 2
2 2 2 2
2 2 2 2
2 2 2 2
2 2 2 1
2 2 2 2
0 2 2 2
2 2 2 2
2 2 2 2
2 2 2 2
2 2 2 2
2 2 2 3
2 2 2 2
2 2 2 2
2 2 2 2
2 2 2 2
2 2 1 2
2 2 2 2
2 2 2 2
2 2 2 2
2 2 2 2
2 2 2 2
2 2 2 2
2 2 2 2
2 2 2 2
2 2 2 2
2 2 2 2
2 2 2 2
2 2 2 2
1 2 2 2
5 0 0 0
2 2 2 2
0 0 0 0
2 2 2 2
2 2 1 2
2 2 2 2
2 2 2 2
2 2 2 2
2 2 2 2
2 2 2 3
2 2 2 2
2 2 2 2
2 2 2 2
4 0 3 9
2 2 2 2
2 2 2 2
2 2 2 2
2 2 2 2
2 2 3 7
2 2 2 2
2 2 2 2
2 2 2 2
0 2 2 2
5 0 0 0
2 2 2 2
2 2 2 2
2 2 1 2
2 2 2 2
2 2 2 2
2 2 1 2
0 2 2 2
2 2 2 8
0 0 0 0
2 2 2 2
2 2 2 2
2 2 2 2
2 2 2 2
2 2 7 2
2 2 2 2
2 2 5 0
2 2 2 2
2 2 2 2
2 2 2 2
2 2 2 2
2 2 2 2
0 0 2 2
2 2 2 2
0 2 2 9
2 2 2 2
2 2 2 2
2 2 2 2
2 2 2 2
2 2 2 2
2 2 2 2
2 2 2 2
2 2 2 2
0 2 2 2
2 2 2 2
2 2 2 2
8 5 0 0
2 2 2 2
0 0 5 0
2 2 2 2
5 0 0 0
0 2 2 2
7 1 6 9
2 2 2 2
2 2 2 2
2 2 2 2
2 2 2 2
2 2 2 4
2 2 2 2
0 3 0 2
2 2 2 2
2 2 2 2
2 2 2 2
2 2 2 2
2 2 2 2
2 2 2 2
2 2 2 2
2 2 2 2
2 2 2 2
2 2 2 2
2 2 2 2
2 2 2 2
2 2 2 2
2 2 2 2
2 2 2 2
2 2 5 0
2 2 2 2
2 2 2 2
2 2 2 2
2 2 8 5
2 2 2 2
2 2 2 2
8 2 5 9
2 2 2 2
2 2 2 2
2 2 3 2
2 2 2 2
2 2 2 2
2 2 2 2
2 2 2 2
2 2 2 2
2 2 2 2
2 2 2 2
2 2 2 2
2 2 2 2
2 2 2 2
2 2 2 2
2 2 2 2
2 2 2 2
2 2 2 3
2 2 2 2
0 0 0 2
2 2 1 2
2 2 2 2
2 2 2 2
2 2 2 2
0 0 0 0
2 2 1 2
8 4 0 2
2 2 2 2
0 2 2 2
2 2 2 2
2 2 2 2
2 2 2 2
2 2 2 2
2 2 2 2
2 2 2 2
2 2 2 3
2 2 2 2
2 2 2 2
2 2 8 7
5 0 0 0
2 2 2 2
2 2 5 0
5 0 0 0
2 2 2 2
2 2 2 2
2 2 2 2
2 2 2 2
0 2 2 2
2 2 1 2
2 2 2 2
2 2 2 2
5 0 0 0
2 2 2 2
2 2 2 2
2 2 2 7
2 2 2 2
2 2 2 2
2 2 2 2
2 2 2 2
2 2 2 2
2 2 2 2
2 2 2 2
2 2 2 2
2 2 2 2
2 2 3 5
5 5 0 2
2 2 2 2
2 2 2 2
2 2 2 2
2 2 2 2
2 2 2 2
2 2 2 2
0 0 0 2
2 2 1 2
2 2 2 2
2 2 2 2
2 2 2 2
2 2 2 2
2 2 2 2
2 2 2 2
2 2 2 2
2 2 2 2
2 2 2 3
2 2 2 2
2 2 2 2
2 2 2 2
0 4 0 2
2 2 3 0
2 2 2 2
2 2 2 2
2 2 2 2
2 2 2 2
2 2 2 2
2 2 2 2
2 2 2 2
2 2 2 2
2 2 2 2
2 2 2 2
2 2 2 2
2 2 2 2
4 0 2 2
2 2 2 2
2 2 1 2
8 4 0 4
2 2 2 2
2 2 2 2
0 2 2 2
2 2 2 2
2 2 2 2
2 2 2 2
2 2 2 2
2 2 2 2
2 2 2 2
2 2 2 2
2 2 2 2
2 2 2 2
2 2 2 2
2 2 2 2
2 2 2 2
2 2 2 2
2 2 3 4
2 2 2 2
2 2 2 2
2 2 2 2
2 2 2 2
2 2 2 2
2 2 2 2
2 2 2 2
2 2 2 2
2 2 2 2
2 2 2 2
0 2 2 2
2 2 2 2
2 2 2 2
2 2 2 2
2 2 2 2
0 2 2 2
2 2 4 2
0 2 2 2
2 2 2 2
2 2 2 2
2 2 2 9
2 2 2 2
2 2 2 2
2 2 2 2
2 2 2 2
2 2 2 2
2 2 2 2
2 2 2 2
2 2 2 2
2 2 2 2
2 2 2 8
2 2 2 2
2 2 2 2
2 2 2 2
2 2 2 2
2 2 2 2
0 2 2 8
2 2 2 2
2 2 2 2
2 2 2 2
2 2 3 0
2 2 2 2
2 2 2 2
2 2 2 2
5 0 0 0
2 2 2 2
2 2 2 2
2 2 2 2
2 2 2 2
2 2 2 2
0 2 2 2
2 2 3 0
2 2 2 2
2 2 2 2
2 2 2 2
2 2 2 2
4 2 2 2
2 2 2 2
2 2 2 2
2 2 2 2
5 0 0 0
4 0 3 2
2 2 4 2
2 2 2 2
2 2 2 2
2 2 3 2
8 5 0 3
2 2 2 2
2 2 2 2
2 2 2 2
2 2 2 2
2 2 2 2
2 2 4 2
2 2 2 2
2 2 2 2
2 2 2 2
2 2 2 2
8 1 6 6
2 2 2 2
2 2 2 2
2 2 2 2
2 2 2 2
2 2 2 2
2 2 4 2
2 2 2 2
2 2 2 2
2 2 2 2
8 5 0 5
2 2 2 2
2 2 2 2
2 2 2 2
2 5 0 0
2 2 2 2
2 2 2 2
2 2 2 2
2 2 2 2
2 2 2 2
0 2 2 2
2 2 2 2
2 2 2 2
2 2 2 2
2 2 2 2
2 2 2 2
3 7 0 2
2 2 2 2
2 2 5 0
0 2 2 2
2 2 2 2
2 2 2 2
2 2 2 2
2 2 2 2
2 2 2 2
2 2 2 2
0 0 0 0
2 2 2 2
2 2 2 2
2 2 2 2
2 2 2 5
2 2 2 2
2 2 2 2
2 2 2 2
3 0 7 3
2 2 2 2
2 2 2 2
2 2 2 2
2 2 2 2
2 2 2 2
2 2 2 2
2 2 2 2
2 2 2 2
2 2 5 0
2 2 2 2
2 2 2 2
2 2 4 5
2 2 2 2
0 0 0 0
2 2 2 8
2 2 2 2
2 2 2 2
2 2 2 2
2 2 2 2
2 2 2 2
2 2 2 2
0 0 0 0
2 2 2 2
2 2 4 2
2 2 2 2
3 0 2 2
2 2 2 2
2 2 2 2
2 2 2 2
2 2 2 2
2 2 2 2
2 2 2 2
2 2 2 2
2 2 2 3
2 2 2 2
2 2 2 2
2 2 2 2
2 2 2 2
2 2 2 2
2 8 2 9
2 2 2 2
2 2 2 2
2 2 2 2
2 2 2 2
2 2 2 2
2 2 2 2
2 2 2 2
2 2 2 2
2 2 2 2
0 0 0 0
2 2 2 2
2 2 2 2
2 2 2 2
2 2 2 2
2 2 2 2
2 2 2 2
2 2 2 2
2 2 2 2
2 2 2 2
2 2 2 2
2 2 2 2
2 2 2 2
2 2 2 2
2 2 2 2
0 2 2 2
2 2 3 9
2 2 2 2
2 2 1 2
2 2 2 2
2 2 2 2
2 2 2 2
2 2 2 2
2 2 2 2
0 4 0 3
2 2 2 2
2 2 2 2
2 2 2 2
2 2 2 2
2 2 2 2
2 2 2 2
2 2 2 2
2 2 2 2
2 2 2 2
2 2 2 2
2 2 2 2
2 2 2 2
2 2 2 2
2 2 2 2
2 2 2 2
2 2 2 2
2 2 4 2
2 2 2 2
2 2 2 2
0 0 0 0
2 2 2 2
0 0 0 2
2 2 2 2
2 2 2 2
2 2 2 2
2 2 2 2
2 2 2 8
0 2 2 9
2 2 1 2
2 2 2 2
2 2 2 2
2 2 2 2
2 2 2 2
2 2 2 2
2 2 2 2
2 2 2 2
2 2 1 2
2 2 2 2
2 2 2 2
2 2 2 2
2 2 2 2
2 2 2 2
2 2 2 2
2 2 1 2
2 2 2 2
2 2 2 2
0 0 0 3
2 2 2 2
2 2 2 2
2 2 2 2
2 2 2 2
2 2 2 2
0 2 2 2
2 2 2 2
2 2 2 2
2 2 2 2
2 2 2 2
2 2 2 2
2 2 2 2
8 3 7 0
2 2 2 2
2 2 7 2
2 2 2 2
2 2 2 2
2 2 5 0
2 2 2 2
2 2 1 2
2 2 2 2
2 2 2 2
2 2 2 2
2 2 2 2
0 2 2 8
2 2 2 2
2 2 2 2
2 2 2 2
2 2 2 2
2 2 2 2
2 2 2 2
2 2 2 2
2 2 2 2
2 2 2 2
2 2 2 2
2 2 9 0
2 2 2 2
2 2 2 2
0 2 2 2
2 2 2 2
2 2 2 2
2 2 2 2
2 2 2 2
2 2 2 2
2 2 2 2
2 2 2 2
2 2 2 2
2 2 2 2
2 2 2 2
2 2 2 2
0 0 0 0
0 8 4 0
0 2 2 2
2 2 5 0
2 2 2 2
2 2 2 2
2 2 2 2
2 2 2 2
2 2 5 4
2 2 2 2
2 2 2 2
4 0 3 5
2 2 2 2
2 2 2 2
5 0 0 2
0 0 0 2
2 2 2 2
2 2 2 2
0 0 3 0
2 2 2 2
2 2 2 2
2 2 2 2
2 2 2 2
2 2 4 5
2 2 1 2
2 2 2 2
2 2 2 2
2 2 2 2
3 4 7 0
2 2 2 2
2 2 2 2
2 2 2 2
2 2 2 2
2 2 2 2
2 2 2 2
2 2 2 2
0 0 0 0
2 2 2 2
2 2 2 2
2 2 2 2
2 2 3 0
2 2 2 2
2 2 2 2
2 2 2 2
2 2 2 2
2 2 2 2
2 2 2 2
2 2 2 2
2 2 2 2
2 2 2 2
2 2 2 2
2 2 8 0
2 2 2 2
8 4 5 0
2 2 2 2
2 2 2 2
2 2 2 2
2 2 2 2
2 2 2 2
2 2 2 2
2 2 2 2
2 2 2 2
2 2 2 2
2 2 2 2
0 2 2 2
0 2 2 2
2 2 2 2
2 2 2 2
5 0 6 4
2 2 2 2
2 2 4 2
4 0 0 0
2 2 2 2
2 2 2 2
2 2 2 2
2 2 2 2
8 4 0 2
2 2 2 2
2 2 2 2
2 2 2 2
2 2 2 2
2 2 2 2
2 2 2 2
0 2 2 2
2 2 2 2
2 2 2 2
2 2 2 2
2 2 2 2
2 2 2 2
2 2 2 2
2 2 2 2
2 2 2 2
2 2 2 2
2 2 2 2
0 2 2 2
2 2 2 2
2 2 2 2
2 2 2 2
2 2 1 2
2 2 2 2
2 2 2 2
7 2 2 2
2 2 2 2
2 2 2 2
2 2 2 2
0 8 1 5
2 2 2 2
2 2 2 2
2 2 2 2
2 2 2 2
0 0 0 0
2 2 2 2
2 2 2 2
2 2 2 2
0 2 2 2
0 0 0 5
2 2 2 2
2 2 2 2
2 2 2 2
2 2 2 2
2 2 2 2
0 8 4 5
0 2 2 2
4 0 2 2
2 2 2 2
2 2 2 2
2 2 2 2
2 2 2 2
2 2 2 2
2 2 2 1
2 2 2 2
2 2 2 2
2 2 2 2
2 2 2 2
2 2 2 2
2 2 2 2
2 2 2 2
4 2 2 1
2 2 2 2
2 2 2 2
2 2 2 2
2 2 2 2
2 2 2 2
2 2 2 5
2 2 2 2
2 2 2 2
2 2 2 2
2 2 2 2
2 2 1 5
2 2 1 2
3 7 0 0
2 2 2 2
2 2 2 2
2 2 2 2
2 2 2 2
2 2 2 2
2 2 2 2
2 2 4 5
2 2 2 2
2 2 2 0
2 2 2 2
2 2 2 1
2 2 2 2
2 2 2 2
2 2 2 2
3 5 0 0
2 2 9 0
2 2 2 2
2 2 2 2
2 2 2 2
2 2 2 4
2 2 2 2
8 4 0 3
2 2 2 1
2 2 2 2
2 2 2 2
2 2 2 2
2 2 2 2
2 2 2 2
2 2 2 2
4 2 2 2
2 2 2 2
2 2 2 2
2 2 2 2
2 8 2 7
2 2 2 2
0 2 2 2
2 2 2 2
2 2 5 2
2 2 2 2
2 2 1 2
2 2 2 2
2 2 2 3
2 2 2 2
2 2 2 2
2 2 2 2
2 2 2 2
2 2 2 2
2 2 2 2
2 2 2 2
2 2 2 2
5 0 0 0
2 2 2 2
7 5 1 6
2 2 2 2
2 2 2 2
2 2 2 2
2 2 2 2
2 2 2 2
2 2 2 2
0 2 2 2
0 0 0 0
0 2 2 2
2 2 2 5
5 0 0 0
8 5 0 0
2 2 2 2
8 5 9 0
2 2 2 2
2 2 2 2
2 2 2 2
2 2 2 2
2 2 2 2
2 2 1 2
0 2 2 2
2 2 2 2
2 2 2 2
2 2 2 2
2 2 5 0
2 2 2 2
2 2 2 2
2 2 2 2
2 2 5 0
2 2 2 2
8 4 0 4
2 2 2 2
0 2 2 2
2 2 2 2
2 2 2 4
2 2 2 2
4 0 4 0
2 2 2 2
2 2 2 2
2 2 2 2
2 2 2 2
2 2 3 2
2 2 2 2
2 2 2 2
2 2 3 2
2 2 2 2
2 2 2 2
2 2 2 2
2 2 2 2
2 2 2 2
2 2 2 2
2 2 2 2
4 0 0 0
2 2 2 2
2 2 2 2
2 2 3 5
2 1 7 9
2 2 2 2
2 2 2 2
3 9 3 2
2 2 2 6
0 2 2 2
2 2 2 2
2 2 2 2
2 2 2 2
2 2 3 2
2 2 2 2
2 2 2 2
2 2 9 0
2 2 2 2
2 2 2 2
2 2 2 2
2 2 2 2
2 2 2 2
2 2 2 2
2 2 2 2
2 2 2 2
2 2 3 2
2 2 2 2
5 0 0 0
2 2 2 2
2 2 2 2
2 2 2 2
2 2 2 2
2 2 2 2
2 2 2 2
2 2 2 2
0 0 0 0
3 8 2 5
2 2 2 2
2 2 2 2
2 2 2 2
2 2 2 2
2 2 2 2
2 2 2 2
2 2 2 2
2 2 2 2
2 2 2 2
2 2 2 2
2 2 2 2
2 2 3 7
2 2 2 2
2 2 2 2
2 2 2 1
2 2 2 2
2 2 2 2
2 2 2 2
2 2 2 2
5 0 0 0
2 2 2 2
2 2 2 2
2 2 2 2
2 2 2 2
0 2 2 2
2 2 2 2
2 2 2 2
2 2 2 2
2 2 2 2
2 2 2 2
2 2 9 2
2 2 2 2
2 2 2 2
2 2 2 2
2 2 2 2
2 2 4 2
2 2 2 2
0 0 2 2
2 2 2 1
2 2 2 2
2 2 2 2
2 2 2 2
2 2 2 2
0 0 2 2
2 2 2 2
2 2 2 2
2 2 2 2
2 2 2 2
2 2 2 2
2 2 2 2
2 2 2 2
2 2 2 2
0 2 2 2
2 2 2 2
2 2 2 2
2 2 2 2
2 2 2 2
2 2 2 2
2 2 2 2
2 2 2 1
2 2 2 2
2 2 2 2
2 2 2 2
2 2 2 2
2 2 2 2
2 2 2 2
2 2 2 2
2 2 1 2
2 2 2 2
2 2 2 2
2 2 2 2
2 2 2 2
2 2 2 2
2 2 2 2
2 2 2 2
2 2 2 2
2 2 2 2
2 2 2 2
2 2 2 2
2 2 2 2
2 2 2 2
2 2 2 2
2 2 2 2
2 2 2 2
2 2 2 2
2 2 2 2
2 2 2 2
2 2 2 2
2 2 2 2
2 2 1 2
0 2 2 2
2 2 2 2
2 2 2 2
2 2 2 2
2 2 2 2
2 2 2 2
2 2 2 2
2 2 2 2
0 0 0 0
0 2 2 2
2 2 2 2
2 1 7 7
2 2 2 2
2 2 2 2
2 2 2 8
2 2 2 2
2 2 2 1
2 2 2 2
2 2 2 2
2 2 2 2
2 2 2 2
2 2 2 2
2 2 2 2
2 2 2 2
2 2 1 2
2 2 2 2
2 2 1 2
2 2 2 2
2 2 2 2
2 2 2 2
2 2 2 2
2 2 2 3
4 4 0 3
2 2 2 9
2 2 2 2
2 2 2 2
2 2 2 2
2 2 4 4
2 2 2 2
2 2 2 2
2 2 2 2
2 2 2 2
2 2 2 2
0 2 2 2
8 4 0 0
2 2 2 2
2 2 2 2
2 2 2 2
0 2 2 8
2 2 2 2
2 2 2 2
2 2 2 2
0 2 2 2
2 2 2 2
2 2 2 2
2 2 2 2
2 2 2 2
0 2 2 2
2 2 2 2
0 0 2 2
2 2 2 2
0 2 2 2
2 2 2 2
2 8 4 5
2 2 2 2
2 2 2 2
2 2 2 2
2 2 2 2
5 0 0 0
2 2 2 2
2 2 2 2
2 2 1 2
2 2 2 2
2 2 2 2
2 2 2 2
2 2 2 2
2 2 2 9
2 2 2 2
2 2 2 5
2 2 2 2
2 2 2 2
2 2 2 2
2 2 2 2
2 2 2 2
2 2 2 2
2 2 2 2
2 2 2 2
2 2 2 2
2 2 2 2
0 2 2 2
2 2 2 2
2 2 2 2
2 2 2 2
2 2 2 2
2 2 2 2
2 2 2 2
2 2 2 2
2 2 2 2
2 2 2 2
2 2 2 2
2 2 2 2
0 0 0 0
2 2 2 2
2 2 2 2
2 2 2 2
5 0 4 0
2 2 1 2
0 2 2 2
2 2 3 0
0 0 0 0
2 2 2 2
2 2 2 2
2 2 2 2
2 2 2 2
2 2 2 2
2 2 2 2
2 2 3 2
2 2 2 2
2 2 2 2
2 2 2 2
2 2 2 2
2 2 2 2
2 2 2 2
2 2 2 2
2 2 2 2
2 2 2 2
2 2 2 9
2 2 2 2
2 2 1 2
2 2 2 2
2 2 2 2
2 2 2 2
2 2 9 8
2 2 2 2
2 2 2 2
0 2 2 2
2 2 2 2
2 2 2 2
2 2 2 2
0 2 2 2
0 2 2 2
2 2 2 2
5 9 0 2
2 2 2 2
5 0 0 0
5 0 2 0
2 2 2 2
7 1 5 0
2 2 2 2
2 2 2 2
2 2 2 2
0 2 2 2
2 2 2 2
2 2 2 2
2 2 2 2
5 0 0 0
2 2 2 2
2 2 2 2
2 2 2 2
2 2 2 2
4 0 0 0
2 2 2 2
2 2 2 2
2 2 2 2
2 2 2 2
2 2 2 2
2 2 2 2
0 2 2 2
2 2 2 2
2 2 2 2
2 2 1 2
2 2 2 2
2 2 2 2
0 0 2 2
2 2 2 2
2 2 2 2
2 2 2 2
2 8 2 2
2 2 2 5
2 2 2 2
2 2 2 2
0 2 2 2
2 2 2 2
0 2 2 2
2 2 2 2
2 2 2 2
2 2 9 0
2 2 2 2
2 2 3 7
2 2 2 2
2 2 2 2
2 2 2 2
3 0 0 2
2 2 2 2
2 2 8 4
2 2 2 2
2 2 2 2
2 2 1 2
2 2 2 2
2 2 2 2
2 2 2 2
2 2 2 2
2 2 2 2
2 2 2 2
2 2 2 2
2 2 2 2
2 2 2 2
2 2 2 2
2 2 2 2
2 2 2 2
2 2 2 2
2 2 2 2
2 2 2 2
2 2 2 2
2 2 2 2
2 2 2 2
2 2 2 2
2 2 2 1
2 2 2 2
2 2 2 2
2 2 2 2
2 2 2 2
2 2 2 2
2 2 1 2
0 2 2 2
2 2 2 2
2 2 2 2
0 2 2 2
2 2 2 2
2 2 2 2
2 2 2 2
2 2 2 2
2 2 1 2
2 2 2 2
2 2 2 2
2 2 2 2
2 2 2 2
0 0 0 0
2 2 2 2
2 2 2 2
0 0 2 2
0 2 2 2
2 2 2 2
2 2 2 2
2 2 2 2
2 2 2 2
2 2 2 2
2 2 0 2
2 2 2 2
2 2 3 2
2 2 2 2
7 1 2 2
2 2 3 2
2 2 2 2
2 2 2 2
2 9 2 2
8 9 3 7
2 2 2 2
2 2 2 2
2 2 2 2
2 2 2 2
2 2 2 2
0 0 0 0
0 2 2 2
2 2 2 2
2 2 2 2
2 2 2 2
2 2 2 2
2 2 5 0
2 2 2 2
2 2 2 2
2 2 2 7
2 2 2 2
2 2 2 2
2 2 2 2
2 2 2 2
2 2 2 2
2 2 2 2
2 2 2 2
2 2 2 2
2 2 3 2
2 2 2 2
2 2 2 2
2 2 2 2
2 2 2 2
2 2 2 1
2 2 2 2
2 2 2 2
2 2 2 2
2 2 2 2
2 2 2 2
2 2 2 2
2 5 0 0
2 2 2 2
2 2 2 2
2 2 2 2
2 2 2 2
2 2 2 2
2 2 4 2
5 0 0 0
2 2 2 2
2 2 2 2
2 2 1 2
2 2 2 2
0 2 2 2
2 2 2 2
2 2 1 2
2 2 2 2
2 2 2 2
2 2 2 2
2 2 2 2
2 2 1 2
2 2 2 2
2 2 9 0
2 2 2 2
2 2 2 2
2 2 2 2
2 2 2 2
2 2 2 2
2 2 2 2
2 2 2 2
2 2 2 2
0 0 0 0
2 2 2 2
2 2 2 2
2 2 2 2
2 2 2 2
2 2 2 2
2 2 2 2
2 2 2 2
3 8 7 7
2 2 2 2
2 2 2 2
0 0 2 2
2 2 2 2
0 0 0 0
2 2 2 2
2 2 2 1
2 2 2 2
2 2 2 2
2 2 2 2
2 2 2 2
2 2 2 2
2 2 2 2
2 2 2 2
2 2 2 2
0 0 0 0
2 2 2 2
2 2 2 2
2 2 2 2
2 2 2 2
2 2 2 2
2 2 4 2
8 5 0 2
2 2 2 2
4 0 3 0
2 2 2 2
2 2 2 2
2 2 2 2
2 2 9 0
2 2 2 2
2 2 2 2
2 2 2 2
0 0 0 0
2 2 2 2
2 2 2 2
2 2 2 2
5 0 0 0
2 2 2 2
2 2 2 2
2 2 2 2
0 2 2 2
2 2 2 2
2 2 2 2
2 2 2 2
2 2 2 2
2 2 2 2
2 2 2 2
2 2 2 2
2 2 2 2
2 2 2 2
2 2 2 2
2 2 2 3
4 0 2 2
2 2 2 2
2 2 2 2
0 2 2 2
2 2 3 2
2 2 2 2
2 8 2 1
2 2 2 2
2 2 2 1
2 2 2 2
7 3 0 2
2 2 2 2
2 2 2 2
2 2 1 2
2 2 2 2
2 2 2 2
2 2 2 2
3 0 2 2
2 2 2 2
2 2 2 2
2 2 2 2
2 2 2 4
2 2 2 2
2 2 2 2
2 2 2 2
2 2 2 2
4 0 4 0
3 0 5 0
2 2 2 2
2 2 2 2
2 2 2 2
2 2 2 2
2 2 2 2
2 2 2 2
2 2 2 2
2 2 2 2
2 2 2 2
0 2 2 2
2 2 2 1
2 2 2 2
2 2 2 2
2 2 2 2
2 2 2 2
2 2 2 2
0 2 2 2
2 2 2 2
2 2 2 2
0 0 0 0
2 2 2 2
2 2 2 2
2 2 2 2
2 2 2 2
2 2 2 2
2 2 2 2
2 2 2 2
2 2 2 2
0 2 2 2
2 2 2 2
2 2 2 2
2 2 4 2
2 2 2 2
2 2 2 2
2 2 2 2
0 3 0 2
0 2 2 2
2 2 2 2
2 2 2 2
2 2 2 3
2 2 2 2
3 8 2 2
2 2 2 2
2 2 2 2
2 2 2 2
2 2 2 2
2 2 2 2
2 2 2 2
2 2 2 2
5 0 0 0
0 2 2 2
2 2 2 2
2 2 2 2
2 2 2 2
2 2 2 2
2 2 2 2
2 2 2 2
2 2 1 2
2 2 2 2
2 2 2 2
2 2 2 2
2 2 2 2
2 2 2 2
0 0 0 7
2 2 8 2
2 2 2 2
2 2 2 2
2 2 2 2
2 2 2 2
2 2 2 2
2 2 2 2
0 2 2 2
2 2 2 2
2 2 2 2
0 2 2 2
2 2 2 2
2 2 2 2
2 2 2 2
0 0 0 0
2 2 2 2
2 2 2 2
2 2 2 2
2 2 2 2
2 2 3 0
2 2 2 2
0 2 2 8
2 2 2 2
2 2 2 2
2 2 2 2
2 2 2 2
2 2 3 0
2 2 2 2
2 2 2 2
0 2 2 2
2 2 2 2
5 6 8 5
2 2 2 2
2 2 2 2
2 2 2 2
2 2 2 2
2 2 2 2
0 2 2 2
2 2 9 0
2 2 3 5
2 2 2 2
2 2 2 2
2 2 2 2
2 2 2 2
2 2 2 2
2 2 2 2
2 2 2 2
0 2 2 2
2 2 2 2
2 2 2 2
2 2 2 2
2 2 2 2
2 2 2 2
2 2 2 2
7 3 7 5
0 5 0 0
2 2 2 2
0 2 2 2
2 2 2 2
2 2 2 2
2 2 2 2
2 2 2 2
2 2 1 2
2 2 1 2
2 2 2 2
0 0 0 0
2 2 2 2
2 2 2 2
2 2 2 2
2 2 2 2
2 2 2 2
2 2 2 2
2 2 3 0
2 2 2 2
2 2 2 2
2 2 2 2
2 2 2 2
2 2 2 2
2 2 4 2
2 2 3 0
2 2 2 2
2 2 2 2
2 2 2 2
2 2 2 2
2 2 2 2
2 2 2 2
2 2 2 2
2 8 5 2
2 2 2 2
2 2 2 2
0 2 2 2
2 2 2 2
2 2 2 2
2 2 2 2
2 2 2 2
2 2 2 2
2 2 2 2
0 0 2 2
2 2 2 2
2 2 2 2
0 0 0 2
0 0 0 0
2 2 2 2
2 2 2 2
2 2 2 2
2 2 2 2
2 2 2 2
2 2 2 2
2 2 2 2
2 2 2 2
2 2 2 2
2 2 2 2
2 2 2 2
2 2 2 2
2 2 2 2
2 2 2 2
2 2 2 2
2 2 2 2
2 2 2 2
2 2 2 2
2 2 2 2
2 2 2 2
2 2 2 2
2 2 2 2
3 3 0 0
2 2 2 2
2 2 2 2
2 2 2 2
2 2 2 2
2 2 2 2
2 2 2 2
2 2 2 2
2 2 2 2
2 2 2 2
2 2 2 2
2 2 2 2
2 2 2 2
2 2 2 2
2 2 2 2
2 2 2 2
2 2 2 2
2 2 2 2
2 2 2 2
2 2 2 2
2 2 2 2
2 2 2 2
2 2 2 2
2 2 2 2
2 2 2 2
2 2 2 2
2 2 2 2
2 2 2 2
2 2 2 2
2 2 2 2
2 2 2 2
2 2 2 2
2 2 2 2
2 2 2 2
2 2 2 2
2 2 2 2
2 2 2 2
2 2 2 2
2 2 2 2
2 2 2 2
2 2 2 2
2 2 2 2
0 0 2 2
2 2 2 2
2 2 2 2
2 2 2 2
0 2 2 2
2 2 2 2
2 2 2 2
2 2 2 2
2 2 2 2
2 2 2 2
2 2 2 2
2 2 2 2
2 2 2 2
2 2 2 2
2 2 2 2
2 2 2 2
2 2 2 2
2 2 2 2
2 2 2 2
2 2 2 2
2 2 2 2
2 2 2 2
2 2 2 2
2 2 2 2
0 0 0 2
2 2 2 2
2 2 2 2
2 2 2 2
2 2 2 2
2 2 2 2
2 2 2 2
0 2 2 2
2 2 2 2
2 2 1 2
2 2 2 2
5 0 0 0
2 2 2 2
2 2 2 2
2 2 2 2
0 2 2 2
2 2 2 2
2 2 2 2
2 2 2 2
2 2 2 2
2 2 2 2
2 2 1 2
2 2 4 2
2 2 2 2
2 2 2 2
2 2 2 2
2 2 2 2
7 2 2 2
2 2 2 2
2 2 2 2
2 2 2 2
2 2 2 2
2 2 1 2
2 2 2 2
2 2 2 2
2 2 2 2
2 2 2 2
2 2 2 2
2 2 2 2
2 2 2 2
2 2 2 2
0 2 8 2
2 2 2 2
2 2 2 2
2 2 2 2
2 2 1 2
2 2 2 2
2 2 2 2
2 2 2 2
2 2 2 2
2 2 2 2
2 2 2 2
2 2 2 2
2 2 2 2
2 3 7 0
2 2 2 2
2 2 2 2
2 2 0 2
2 2 2 2
2 2 1 2
2 2 2 2
2 2 2 2
2 2 2 2
2 2 2 2
2 2 3 0
0 2 8 2
2 2 2 2
2 2 2 2
2 2 2 2
2 2 2 2
4 0 3 0
2 2 2 2
2 2 2 2
2 2 2 2
2 2 2 8
2 2 2 2
2 2 2 2
2 2 2 2
2 2 2 2
2 2 3 2
2 2 2 2
2 2 2 2
2 2 2 2
2 8 4 7
2 2 2 2
2 2 1 2
2 2 2 2
2 2 2 2
2 2 2 2
2 2 2 2
2 2 2 2
2 2 2 2
2 2 1 2
2 2 2 2
2 2 2 2
2 2 2 2
2 2 2 2
2 2 2 2
2 2 2 2
2 2 2 2
2 2 5 0
2 2 2 2
2 2 2 2
2 2 2 2
5 0 0 0
8 5 0 0
2 2 2 2
2 2 2 2
2 2 2 2
5 0 0 0
2 2 2 2
2 2 2 2
0 0 0 0
0 0 2 2
2 2 2 2
2 2 3 7
2 2 2 2
2 2 2 2
2 2 2 2
2 2 2 2
2 2 2 2
2 2 2 2
2 2 2 2
2 2 2 3
2 2 2 2
2 2 2 2
2 2 2 2
2 2 2 2
2 2 2 2
4 0 2 2
2 2 2 2
2 2 2 2
2 2 2 2
2 2 2 2
2 2 2 2
2 2 2 2
2 2 2 2
2 2 2 2
2 2 2 2
2 2 2 2
2 2 2 2
2 2 2 2
2 2 2 2
2 2 1 2
2 2 2 2
2 2 2 2
2 2 2 2
2 2 2 2
2 2 2 2
2 2 2 2
0 2 2 2
2 2 2 2
2 2 2 2
2 2 2 2
